300 0.9440000000000001 0.0492
301 0.9474 0.0458
302 0.9501 0.0431
303 0.953 0.0402
304 0.9544 0.0388
305 0.9563 0.0369
306 0.9594 0.0338
307 0.9639 0.0293
308 0.9656 0.0276
309 0.9664 0.0268
310 0.9707 0.0225
311 0.9731 0.0201
312 0.9773 0.0159
313 0.98 0.0132
314 0.9831 0.0101
315 0.9821 0.0111
316 0.9848 0.0084
317 0.9882 0.005
318 0.9866 0.0066
319 0.9855 0.0077
320 0.9851 0.0081
321 0.9848 0.0084
322 0.9858 0.0074
323 0.9858 0.0074
324 0.9865 0.0067
325 0.9866 0.0066
326 0.9881 0.0051
327 0.99 0.0032
328 0.9890000000000001 0.0042
329 0.9893 0.0039
330 0.9885 0.0047
331 0.9891 0.0041
332 0.9881 0.0051
333 0.987 0.0062
334 0.9862 0.006999999999999999
335 0.9854 0.0078
336 0.9859 0.0073
337 0.9848 0.0084
338 0.9845 0.0087
339 0.9840000000000001 0.0092
340 0.9839 0.0093
341 0.9849 0.0083
342 0.9846 0.0086
343 0.9829 0.0103
344 0.9802 0.013000000000000001
345 0.9790000000000001 0.0142
346 0.9763 0.0169
347 0.9725 0.0207
348 0.9678 0.0254
349 0.9620000000000001 0.0312
350 0.9576 0.0356
351 0.9544 0.0388
352 0.9519 0.0413
353 0.9491 0.0441
354 0.9479 0.0453
355 0.9489 0.0443
356 0.9511 0.0421
357 0.9542 0.039
358 0.9574 0.0358
359 0.96 0.0332
360 0.9632 0.03
361 0.9668 0.0264
362 0.9691 0.0241
363 0.9709 0.0223
364 0.9726 0.0206
365 0.9741 0.0191
366 0.9747 0.0185
367 0.9754 0.0178
368 0.9758 0.0174
369 0.9754 0.0178
370 0.9761 0.0171
371 0.9762 0.017
372 0.9764 0.0168
373 0.9759 0.0173
374 0.9759 0.0173
375 0.9762 0.017
376 0.9763 0.0169
377 0.9769 0.0163
378 0.9773 0.0159
379 0.9781 0.0151
380 0.9784 0.0148
381 0.9794 0.0138
382 0.9806 0.0126
383 0.9817 0.0115
384 0.9829 0.0103
385 0.9838 0.0094
386 0.9846 0.0086
387 0.9854 0.0078
388 0.9863 0.0069
389 0.9866 0.0066
390 0.9866 0.0066
391 0.986 0.0072
392 0.9854 0.0078
393 0.9846 0.0086
394 0.9837 0.0095
395 0.9823 0.0109
396 0.981 0.0122
397 0.9802 0.013000000000000001
398 0.9793 0.0139
399 0.9791 0.0141
400 0.9793 0.0139
401 0.98 0.0132
402 0.9804 0.0128
403 0.9814 0.0118
404 0.9823 0.0109
405 0.9827 0.0105
406 0.9836 0.0096
407 0.9843 0.0089
408 0.9847 0.0085
409 0.9846 0.0086
410 0.9847 0.0085
411 0.9848 0.0084
412 0.985 0.0082
413 0.9853 0.0079
414 0.9854 0.0078
415 0.9854 0.0078
416 0.9856 0.0076
417 0.9854 0.0078
418 0.9854 0.0078
419 0.9848 0.0084
420 0.9844 0.0088
421 0.9842 0.009000000000000001
422 0.9832 0.01
423 0.9826 0.0106
424 0.9822 0.011000000000000001
425 0.982 0.0112
426 0.9821 0.0111
427 0.9829 0.0103
428 0.9838 0.0094
429 0.9846 0.0086
430 0.9862 0.006999999999999999
431 0.9875 0.0057
432 0.9884 0.0048
433 0.9897 0.0035
434 0.9903 0.0029
435 0.9908 0.0024
436 0.9911 0.0021
437 0.9913 0.0019
438 0.9915 0.0017
439 0.991 0.0022
440 0.9912 0.002
441 0.991 0.0022
442 0.9915 0.0017
443 0.9915 0.0017
444 0.9915 0.0017
445 0.9918 0.0014
446 0.9919 0.0013
447 0.9926 0.0006
448 0.9928 0.0004
449 0.993 0.0002
450 0.9926 0.0006
451 0.9924 0.0008
452 0.9923 0.0009
453 0.9921 0.0011
454 0.9917 0.001
455 0.991 0.0011
456 0.9905 0.0012
457 0.9904 0.0014
458 0.9902 0.0015
459 0.9904 0.0016
460 0.9903 0.0017
461 0.9899 0.0019
462 0.9901 0.002
463 0.9903 0.002
464 0.9904 0.0021
465 0.9905 0.0021
466 0.9908 0.0021
467 0.9911 0.002
468 0.9915 0.0019
469 0.9922 0.0017
470 0.9928 0.0016
471 0.9936 0.0015
472 0.9942 0.0013
473 0.9942 0.0012
474 0.9943 0.001
475 0.9941 0.001
476 0.9941 0.0009
477 0.9937 0.0008
478 0.9932 0.0008
479 0.9929 0.0008
480 0.9927 0.0008
481 0.9931 0.0009
482 0.9932 0.0009
483 0.9934 0.001
484 0.9935 0.0012
485 0.9939 0.0013
486 0.9942 0.0015
487 0.9942 0.0017
488 0.9935 0.0019
489 0.993 0.0021
490 0.9925 0.0024
491 0.9922 0.0026
492 0.9919 0.0028
493 0.9913 0.003
494 0.9909 0.0033
495 0.9905 0.0035
496 0.9902 0.0037
497 0.9905 0.0038
498 0.9903 0.0039
499 0.9903 0.0041
500 0.9902 0.0042
501 0.9894 0.0043
502 0.9897 0.0044
503 0.9894 0.0045
504 0.9897 0.0047
505 0.9895 0.0049
506 0.9894 0.0051
507 0.9888 0.0054
508 0.9879 0.0058
509 0.9883 0.0063
510 0.9872 0.0068
511 0.9866 0.0076
512 0.9855 0.0084
513 0.9837 0.0094
514 0.9822 0.0106
515 0.9806 0.0121
516 0.9789 0.0137
517 0.9765 0.0157
518 0.9742 0.0178
519 0.9713 0.0203
520 0.9679 0.023
521 0.965 0.026000000000000002
522 0.9614 0.0293
523 0.9577 0.0327
524 0.9546 0.0363
525 0.9502 0.04
526 0.9463 0.0438
527 0.9423 0.0477
528 0.9386 0.0515
529 0.9342 0.0554
530 0.93 0.0594
531 0.9254 0.0636
532 0.9197 0.0681
533 0.9145 0.073
534 0.9079 0.0785
535 0.9004 0.0847
536 0.8917 0.0919
537 0.8816 0.1002
538 0.8702 0.1099
539 0.8568 0.1211
540 0.8415 0.134
541 0.8242 0.1487
542 0.8054 0.1654
543 0.7851 0.1839
544 0.7628 0.2043
545 0.7396 0.2265
546 0.7149 0.25
547 0.6905 0.2746
548 0.6662 0.2999
549 0.6423 0.3253
550 0.6193 0.3505
551 0.5972 0.3749
552 0.5772 0.39799999999999996
553 0.5586 0.4193
554 0.5425 0.439
555 0.5278 0.4567
556 0.5147 0.4727
557 0.5029 0.4868
558 0.4922 0.4994
559 0.4822 0.511
560 0.4722 0.5221
561 0.4617 0.5331
562 0.4504 0.5442
563 0.4382 0.5559
564 0.4251 0.5682
565 0.4113 0.5815
566 0.3968 0.5958
567 0.3813 0.611
568 0.3655 0.6268
569 0.3499 0.643
570 0.3337 0.6595
571 0.3178 0.6759999999999999
572 0.3019 0.6925
573 0.2861 0.7090000000000001
574 0.2703 0.7254
575 0.2541 0.7416
576 0.2378 0.7577
577 0.221 0.774
578 0.2041 0.7904
579 0.1868 0.8073
580 0.1693 0.8241
581 0.1518 0.8409
582 0.1345 0.8574
583 0.1181 0.8736
584 0.1026 0.8892
585 0.0884 0.904
586 0.0756 0.9174
587 0.0644 0.9294
588 0.0547 0.9403
589 0.0465 0.9497
590 0.0399 0.9574
591 0.0344 0.9640000000000001
592 0.0301 0.9695
593 0.026000000000000002 0.9740000000000001
594 0.0224 0.9776
595 0.0193 0.9807
596 0.017 0.983
597 0.0148 0.9852
598 0.0129 0.9871
599 0.0118 0.9882
600 0.0109 0.9891
601 0.0099 0.9901
602 0.0088 0.9912
603 0.0084 0.9916
604 0.0082 0.9918
605 0.008 0.992
606 0.0083 0.9917
607 0.0085 0.9915
608 0.0089 0.9911
609 0.0099 0.9901
610 0.0111 0.9889
611 0.0122 0.9878
612 0.0135 0.9865
613 0.0149 0.9851
614 0.0159 0.9841
615 0.0171 0.9829
616 0.0181 0.9819
617 0.0184 0.9816
618 0.0184 0.9816
619 0.0185 0.9815
620 0.0185 0.9815
621 0.0184 0.9816
622 0.018000000000000002 0.982
623 0.0171 0.9829
624 0.0165 0.9835
625 0.0161 0.9839
626 0.0161 0.9839
627 0.0157 0.9843
628 0.0149 0.9851
629 0.0142 0.9858
630 0.0139 0.9861
631 0.0138 0.9862
632 0.0135 0.9865
633 0.0133 0.9867
634 0.013000000000000001 0.987
635 0.013000000000000001 0.987
636 0.0132 0.9868
637 0.0134 0.9866
638 0.0138 0.9862
639 0.013999999999999999 0.986
640 0.0139 0.9861
641 0.013999999999999999 0.986
642 0.0142 0.9858
643 0.0142 0.9858
644 0.0141 0.9859
645 0.0138 0.9862
646 0.0131 0.9869
647 0.0122 0.9878
648 0.0117 0.9883
649 0.0113 0.9887
650 0.0103 0.9897
651 0.0093 0.9907
652 0.009000000000000001 0.991
653 0.0088 0.9912
654 0.0087 0.9913
655 0.009000000000000001 0.991
656 0.0093 0.9907
657 0.0098 0.9902
658 0.0108 0.9892
659 0.0118 0.9882
660 0.0125 0.9875
661 0.0133 0.9867
662 0.013999999999999999 0.986
663 0.0148 0.9852
664 0.0155 0.9845
665 0.0156 0.9844
666 0.016 0.9840000000000001
667 0.0167 0.9833
668 0.0168 0.9832
669 0.017 0.983
670 0.0171 0.9829
671 0.0168 0.9832
672 0.0168 0.9832
673 0.0165 0.9835
674 0.0157 0.9843
675 0.0145 0.9855
676 0.0138 0.9862
677 0.0131 0.9869
678 0.0119 0.9881
679 0.0113 0.9887
680 0.0105 0.9895
681 0.0094 0.9906
682 0.0087 0.9913
683 0.008 0.992
684 0.006999999999999999 0.993
685 0.0065 0.9935
686 0.0065 0.9935
687 0.0057 0.9943
688 0.0062 0.9938
689 0.0064 0.9936
690 0.0071 0.9929
691 0.008 0.992
692 0.0089 0.9911
693 0.0086 0.9914
694 0.0092 0.9908
695 0.011000000000000001 0.9890000000000001
696 0.0111 0.9889
697 0.012 0.988
698 0.0119 0.9881
699 0.0125 0.9875
700 0.0139 0.9861
701 0.0153 0.9847
702 0.016 0.9840000000000001
703 0.0162 0.9838
704 0.0168 0.9832
705 0.0164 0.9836
706 0.0182 0.9818
707 0.0197 0.9803
708 0.0189 0.9811
709 0.0186 0.9814
710 0.0184 0.9816
711 0.0176 0.9824
712 0.0172 0.9828
713 0.016 0.9840000000000001
714 0.0138 0.9862
715 0.0121 0.9879
716 0.0112 0.9888
717 0.0107 0.9893
718 0.0089 0.9911
719 0.0081 0.9919
720 0.0066 0.9934
721 0.0066 0.9934
722 0.0071 0.9929
723 0.0044 0.9956
724 0.0042 0.9958
725 0.004 0.996
726 0.0056 0.9944
727 0.0065 0.9935
728 0.008 0.992
729 0.0082 0.9918
730 0.0074 0.9926
731 0.0096 0.9904
732 0.0101 0.9899
733 0.0106 0.9894
734 0.0108 0.9892
735 0.01 0.99
736 0.009000000000000001 0.991
737 0.0108 0.9892
738 0.0116 0.9884
739 0.0117 0.9883
740 0.0131 0.9869
741 0.0125 0.9875
742 0.0113 0.9887
743 0.0121 0.9879
744 0.0147 0.9853
745 0.0125 0.9875
746 0.0139 0.9861
747 0.0124 0.9876
748 0.0131 0.9869
749 0.0143 0.9857
750 0.013000000000000001 0.987
751 0.0122 0.9878
752 0.0097 0.9903
753 0.0105 0.9895
754 0.0092 0.9908
755 0.0091 0.9909
756 0.0097 0.9903
757 0.0103 0.9897
758 0.0136 0.9864
759 0.0143 0.9857
760 0.0138 0.9862
761 0.012 0.988
762 0.0101 0.9899
763 0.0112 0.9888
764 0.0085 0.9915
765 0.0065 0.9935
766 0.004 0.996
767 0.0052 0.9948
768 0.006999999999999999 0.993
769 0.0092 0.9908
770 0.0124 0.9876
771 0.0144 0.9856
772 0.0169 0.9831
773 0.0182 0.9818
774 0.0227 0.9773
775 0.0238 0.9762
776 0.0251 0.9749
777 0.0262 0.9738
778 0.0235 0.9765
779 0.0225 0.9775
780 0.0239 0.9761
781 0.0264 0.9736
782 0.0251 0.9749
783 0.0264 0.9736
784 0.0262 0.9738
785 0.0234 0.9766
786 0.0274 0.9726
787 0.0278 0.9722
788 0.0289 0.9711
789 0.0261 0.9739
790 0.0237 0.9763
791 0.022000000000000002 0.978
792 0.0212 0.9788
793 0.0228 0.9772
794 0.022000000000000002 0.978
795 0.0206 0.9794
796 0.0153 0.9847
797 0.0136 0.9864
798 0.0128 0.9872
799 0.0111 0.9889
800 0.0122 0.9878
801 0.0115 0.9885
802 0.0108 0.9892
803 0.0143 0.9857
804 0.0176 0.9824
805 0.0178 0.9822
806 0.0184 0.9816
807 0.0174 0.9826
808 0.019 0.981
809 0.0202 0.9798
810 0.0232 0.9768
811 0.0207 0.9793
812 0.0211 0.9789
813 0.0217 0.9783
814 0.0224 0.9776
815 0.0232 0.9768
816 0.0197 0.9803
817 0.0135 0.9865
818 0.0108 0.9892
819 0.0082 0.9918
820 0.0041 0.9959
821 0.0032 0.9968
822 0.0008 1.0
823 0.0016 1.001
824 0.0026 1.002
825 0.0048 0.9952
826 0.0061 0.9939
827 0.0049 0.9951
828 0.0056 0.9944
829 0.0085 0.9915
830 0.0111 0.9889
831 0.0109 0.9891
832 0.01 0.99
833 0.0081 0.9919
834 0.0057 0.9943
835 0.0101 0.9899
836 0.0101 0.9899
837 0.0052 0.9948
838 0.0052 0.9948
839 0.005 0.995
840 0.006999999999999999 0.993
841 0.0052 0.9948
842 0.0042 0.9958
843 0.0034 0.9966
844 0.0012 0.9988
845 0.0037 0.9963
846 0.005 0.995
847 0.005 0.995
848 0.0032 0.9968
849 0.0038 0.9962
850 0.0031 0.9969
851 0.0032 0.9968
852 0.0044 0.9956
853 0.0037 0.9963
854 0.0038 0.9962
855 0.0036 0.9964
856 0.0063 0.9937
857 0.0071 0.9929
858 0.0088 0.9912
859 0.0082 0.9918
860 0.0085 0.9915
861 0.0099 0.9901
862 0.0103 0.9897
863 0.0108 0.9892
864 0.0086 0.9914
865 0.0083 0.9917
866 0.0084 0.9916
867 0.0082 0.9918
868 0.0098 0.9902
869 0.01 0.99
870 0.0097 0.9903
871 0.0105 0.9895
872 0.0123 0.9877
873 0.0135 0.9865
874 0.0131 0.9869
875 0.013999999999999999 0.986
876 0.0138 0.9862
877 0.0151 0.9849
878 0.0151 0.9849
879 0.0154 0.9846
880 0.0145 0.9855
881 0.0142 0.9858
882 0.0139 0.9861
883 0.0143 0.9857
884 0.0148 0.9852
885 0.0136 0.9864
886 0.0132 0.9868
887 0.0132 0.9868
888 0.0146 0.9854
889 0.0145 0.9855
890 0.0151 0.9849
891 0.0144 0.9856
892 0.0131 0.9869
893 0.0137 0.9863
894 0.013999999999999999 0.986
895 0.0145 0.9855
896 0.0136 0.9864
897 0.0137 0.9863
898 0.0133 0.9867
899 0.0138 0.9862
900 0.013999999999999999 0.986
901 0.0127 0.9873
902 0.0125 0.9875
903 0.0116 0.9884
904 0.0105 0.9895
905 0.0094 0.9906
906 0.0091 0.9909
907 0.0083 0.9917
908 0.0074 0.9926
909 0.0074 0.9926
910 0.0064 0.9936
911 0.005 0.995
912 0.005 0.995
913 0.005 0.995
914 0.0042 0.9958
915 0.0038 0.9962
916 0.0037 0.9963
917 0.003 0.997
918 0.0025 0.9975
919 0.0034 0.9966
920 0.0039 0.9961
921 0.0034 0.9966
922 0.0037 0.9963
923 0.0035 0.9965
924 0.0038 0.9962
925 0.0044 0.9956
926 0.005 0.995
927 0.0047 0.9953
928 0.0047 0.9953
929 0.0053 0.9947
930 0.0053 0.9947
931 0.0058 0.9942
932 0.0059 0.9941
933 0.0058 0.9942
934 0.0062 0.9938
935 0.0066 0.9934
936 0.0067 0.9933
937 0.0066 0.9934
938 0.0072 0.9928
939 0.0076 0.9924
940 0.0081 0.9919
941 0.0082 0.9918
942 0.0089 0.9911
943 0.0085 0.9915
944 0.0096 0.9904
945 0.0097 0.9903
946 0.0097 0.9903
947 0.0096 0.9904
948 0.0097 0.9903
949 0.0099 0.9901
950 0.0101 0.9899
951 0.0104 0.9896
952 0.0098 0.9902
953 0.0098 0.9902
954 0.0095 0.9905
955 0.0098 0.9902
956 0.0096 0.9904
957 0.0098 0.9902
958 0.0087 0.9913
959 0.0086 0.9914
960 0.008 0.992
961 0.0082 0.9918
962 0.0079 0.9921
963 0.0074 0.9926
964 0.0068 0.9932
965 0.0064 0.9936
966 0.0062 0.9938
967 0.0062 0.9938
968 0.0064 0.9936
969 0.0068 0.9932
970 0.0068 0.9932
971 0.0068 0.9932
972 0.0074 0.9926
973 0.0074 0.9926
974 0.0078 0.9922
975 0.0074 0.9926
976 0.0072 0.9928
977 0.0063 0.9937
978 0.0058 0.9942
979 0.0057 0.9943
980 0.0053 0.9947
981 0.0055 0.9945
982 0.0055 0.9945
983 0.006 0.9940000000000001
984 0.0067 0.9933
985 0.0074 0.9926
986 0.0082 0.9918
987 0.0089 0.9911
988 0.0096 0.9904
989 0.0101 0.9899
990 0.0111 0.9889
991 0.0119 0.9881
992 0.0121 0.9879
993 0.0128 0.9872
994 0.0134 0.9866
995 0.0133 0.9867
996 0.0139 0.9861
997 0.013999999999999999 0.986
998 0.0141 0.9859
999 0.0145 0.9855
1000 0.0149 0.9851
1001 0.0153 0.9847
1002 0.0157 0.9843
1003 0.0164 0.9836
1004 0.0163 0.9837
1005 0.0168 0.9832
1006 0.0174 0.9826
1007 0.0174 0.9826
1008 0.0176 0.9824
1009 0.0176 0.9824
1010 0.0179 0.9821
1011 0.0177 0.9823
1012 0.0184 0.9816
1013 0.0185 0.9815
1014 0.0182 0.9818
1015 0.0186 0.9814
1016 0.0189 0.9811
1017 0.0188 0.9812
1018 0.0182 0.9818
1019 0.0186 0.9814
1020 0.018000000000000002 0.982
1021 0.0178 0.9822
1022 0.0176 0.9824
1023 0.0174 0.9826
1024 0.0166 0.9834
1025 0.0164 0.9836
1026 0.0165 0.9835
1027 0.0166 0.9834
1028 0.0167 0.9833
1029 0.0165 0.9835
1030 0.0162 0.9838
1031 0.0158 0.9842
1032 0.0158 0.9842
1033 0.0154 0.9846
1034 0.0151 0.9849
1035 0.0141 0.9859
1036 0.0133 0.9867
1037 0.013000000000000001 0.987
1038 0.0127 0.9873
1039 0.0122 0.9878
1040 0.0118 0.9882
1041 0.011000000000000001 0.9890000000000001
1042 0.0104 0.9896
1043 0.0104 0.9896
1044 0.0105 0.9895
1045 0.0099 0.9901
1046 0.0095 0.9905
1047 0.009000000000000001 0.991
1048 0.0091 0.9909
1049 0.0095 0.9905
1050 0.0095 0.9905
1051 0.0093 0.9907
1052 0.009000000000000001 0.991
1053 0.0092 0.9908
1054 0.0091 0.9909
