1200 0.961
1195 0.9608
1190 0.9606
1185 0.9605
1180 0.9603
1175 0.9599
1170 0.9596
1165 0.9594
1160 0.9591
1155 0.9587
1150 0.9584
1145 0.958
1140 0.9575
1135 0.9571
1130 0.9568
1125 0.9565
1120 0.9561
1115 0.9557
1110 0.9553
1105 0.9547
1100 0.9542
1095 0.9538
1090 0.9532
1085 0.9527
1080 0.9523
1075 0.9517
1070 0.9511
1065 0.9503
1060 0.9497
1055 0.9491
1050 0.9485
1045 0.9478
1040 0.947
1035 0.9462
1030 0.9454
1025 0.9446
1020 0.9438
1015 0.9429
1010 0.9422
1005 0.941
1000 0.94
995 0.939
990 0.938
985 0.9369
980 0.9355
975 0.9343
970 0.9329
965 0.9315
960 0.9299
955 0.9285
950 0.9271
945 0.9254
940 0.9236
935 0.921
930 0.9185
925 0.9157
920 0.9132
915 0.9107
910 0.9079
905 0.9052
900 0.9024
895 0.8995
890 0.8961
885 0.8929
880 0.8895
875 0.887
870 0.8853
865 0.8821
860 0.878
855 0.8732
850 0.8675
845 0.8628
840 0.8575
835 0.8542
830 0.8525
825 0.8524
820 0.853
815 0.8533
810 0.8529
805 0.8534
800 0.8544
795 0.8555
790 0.8573
785 0.8595
780 0.8611
775 0.8634
770 0.8644
765 0.866
760 0.868
755 0.8698
750 0.8719
745 0.8734
740 0.8746
735 0.8765
730 0.8771
725 0.8782
720 0.8795
715 0.8807
710 0.882
705 0.8832
700 0.8845
695 0.8856
690 0.8869
685 0.8879
680 0.8888
675 0.8896
670 0.8906
665 0.8915
660 0.8922
655 0.893
650 0.8942
645 0.8948
640 0.8956
635 0.8963
630 0.8971
625 0.8977
620 0.8982
615 0.899
610 0.8993
605 0.8997
600 0.9003
595 0.9006
590 0.9014
585 0.9018
580 0.9024
575 0.9026
570 0.9031
565 0.9034
560 0.9039
555 0.9043
550 0.9047
545 0.9054
540 0.9054
535 0.9058
530 0.9061
525 0.9062
520 0.9067
515 0.907
510 0.907
505 0.9071
500 0.9072
495 0.9074
490 0.9078
485 0.9084
480 0.9087
475 0.9093
470 0.9093
465 0.9093
460 0.9092
455 0.9096
450 0.9096
445 0.9098
440 0.9099
435 0.9099
430 0.9098
425 0.9094
420 0.9091
415 0.9098
410 0.91
405 0.9101
400 0.9104
395 0.9099
390 0.9085
385 0.9089
380 0.9079
375 0.9085
370 0.9077
365 0.9077
360 0.9086
355 0.9081
350 0.9067
345 0.9048
340 0.9034
335 0.903
330 0.9037
325 0.904
320 0.9028
315 0.902
310 0.8992
305 0.8976
300 0.894