5501.50      0.00000
5511.50    0.0160999
5521.50    0.0334816
5531.50    0.0523046
5541.50    0.0727556
5551.50    0.0950553
5561.50     0.119466
5571.50     0.146302
5581.50     0.175944
5591.50     0.208856
5601.50     0.245610
5611.50     0.288262
5621.50     0.337642
5631.50     0.392394
5641.50     0.451023
5651.50     0.511885
5661.50     0.573163
5671.50     0.632844
5681.50     0.688693
5691.50     0.738222
5701.50     0.778652
5711.50     0.808301
5721.50     0.830983
5731.50     0.849687
5741.50     0.865907
5751.50     0.880472
5761.50     0.893878
5771.50     0.906443
5781.50     0.918377
5791.50     0.929824
5801.50     0.940891
5811.50     0.950845
5821.50     0.959189
5831.50     0.966294
5841.50     0.972426
5851.50     0.977781
5861.50     0.982503
5871.50     0.986705
5881.50     0.990473
5891.50     0.993877
5901.50     0.996970
5911.50     0.999581
5921.50      1.00154
5931.50      1.00292
5941.50      1.00376
5951.50      1.00412
5961.50      1.00405
5971.50      1.00357
5981.50      1.00272
5991.50      1.00153
6001.50      1.00003
6011.50     0.996765
6021.50     0.993091
6031.50     0.989406
6041.50     0.985731
6051.50     0.982073
6061.50     0.978433
6071.50     0.974813
6081.50     0.971212
6091.50     0.967632
6101.50     0.964071
6111.50     0.960531
6121.50     0.957012
6131.50     0.953513
6141.50     0.950033
6151.50     0.946569
6161.50     0.943120
6171.50     0.939677
6181.50     0.936229
6191.50     0.932740
6201.50     0.929078
6211.50     0.924958
6221.50     0.920651
6231.50     0.916299
6241.50     0.911940
6251.50     0.907587
6261.50     0.903248
6271.50     0.898927
6281.50     0.894625
6291.50     0.890344
6301.50     0.886085
6311.50     0.881848
6321.50     0.877632
6331.50     0.873437
6341.50     0.869262
6351.50     0.865104
6361.50     0.860960
6371.50     0.856824
6381.50     0.852681
6391.50     0.848496
6401.50     0.844137
6411.50     0.839502
6421.50     0.834785
6431.50     0.829988
6441.50     0.825110
6451.50     0.820152
6461.50     0.815114
6471.50     0.809996
6481.50     0.804798
6491.50     0.799520
6501.50     0.794162
6511.50     0.788674
6521.50     0.783011
6531.50     0.777189
6541.50     0.771235
6551.50     0.765183
6561.50     0.759078
6571.50     0.752988
6581.50     0.747015
6591.50     0.741314
6601.50     0.736143
6611.50     0.731653
6621.50     0.727659
6631.50     0.724059
6641.50     0.720744
6651.50     0.717593
6661.50     0.714475
6671.50     0.711243
6681.50     0.707735
6691.50     0.703771
6701.50     0.699151
6711.50     0.693646
6721.50     0.687441
6731.50     0.680844
6741.50     0.674063
6751.50     0.667238
6761.50     0.660472
6771.50     0.653839
6781.50     0.647395
6791.50     0.641181
6801.50     0.635232
6811.50     0.629609
6821.50     0.624287
6831.50     0.619163
6841.50     0.613507
6851.50     0.599449
6861.50     0.559683
6871.50     0.499551
6881.50     0.507265
6891.50     0.520377
6901.50     0.526659
6911.50     0.540200
6921.50     0.547660
6931.50     0.548649
6941.50     0.546597
6951.50     0.543932
6961.50     0.542372
6971.50     0.540530
6981.50     0.534778
6991.50     0.528879
7001.50     0.523220
7011.50     0.517893
7021.50     0.512773
7031.50     0.507744
7041.50     0.502765
7051.50     0.497813
7061.50     0.492881
7071.50     0.487961
7081.50     0.483049
7091.50     0.478145
7101.50     0.473245
7111.50     0.468363
7121.50     0.463511
7131.50     0.458682
7141.50     0.453902
7151.50     0.449200
7161.50     0.438818
7171.50     0.423087
7181.50     0.408822
7191.50     0.401152
7201.50     0.401792
7211.50     0.408317
7221.50     0.408617
7231.50     0.396934
7241.50     0.387390
7251.50     0.384784
7261.50     0.382202
7271.50     0.377960
7281.50     0.374299
7291.50     0.371334
7301.50     0.367454
7311.50     0.364523
7321.50     0.362415
7331.50     0.361291
7341.50     0.356878
7351.50     0.351280
7361.50     0.345675
7371.50     0.340104
7381.50     0.334627
7391.50     0.329314
7401.50     0.324245
7411.50     0.319471
7421.50     0.314888
7431.50     0.310417
7441.50     0.306015
7451.50     0.301662
7461.50     0.297342
7471.50     0.293046
7481.50     0.288769
7491.50     0.284506
7501.50     0.280255
7511.50     0.276020
7521.50     0.271809
7531.50     0.267624
7541.50     0.263463
7551.50     0.259329
7561.50     0.255217
7571.50     0.251191
7581.50     0.239385
7591.50     0.187248
7601.50     0.108636
7611.50     0.105133
7621.50     0.135274
7631.50     0.129904
7641.50     0.139068
7651.50     0.162025
7661.50     0.181965
7671.50     0.194226
7681.50     0.200045
7691.50     0.200701
7701.50     0.199571
7711.50     0.196879
7721.50     0.193244
7731.50     0.189622
7741.50     0.186032
7751.50     0.182474
7761.50     0.178949
7771.50     0.175456
7781.50     0.171997
7791.50     0.168571
7801.50     0.165180
7811.50     0.161822
7821.50     0.158500
7831.50     0.155213
7841.50     0.151962
7851.50     0.148746
7861.50     0.145568
7871.50     0.142426
7881.50     0.139322
7891.50     0.136256
7901.50     0.133229
7911.50     0.130241
7921.50     0.127291
7931.50     0.124382
7941.50     0.121514
7951.50     0.118686
7961.50     0.115900
7971.50     0.113156
7981.50     0.110454
7991.50     0.107796
8001.50     0.105181
8011.50     0.102614
8021.50     0.100099
8031.50    0.0976327
8041.50    0.0952156
8051.50    0.0928458
8061.50    0.0905223
8071.50    0.0882438
8081.50    0.0860092
8091.50    0.0838173
8101.50    0.0816202
8111.50    0.0790352
8121.50    0.0766190
8131.50    0.0734480
8141.50    0.0703823
8151.50    0.0675024
8161.50    0.0647111
8171.50    0.0614334
8181.50    0.0607274
8191.50    0.0596855
8201.50    0.0582223
8211.50    0.0589898
8221.50    0.0571949
8231.50    0.0506459
8241.50    0.0509095
8251.50    0.0523156
8261.50    0.0503879
8271.50    0.0493465
8281.50    0.0462492
8291.50    0.0450198
8301.50    0.0441651
8311.50    0.0431370
8321.50    0.0417323
8331.50    0.0404190
8341.50    0.0394668
8351.50    0.0385565
8361.50    0.0371758
8371.50    0.0360286
8381.50    0.0347860
8391.50    0.0335988
8401.50    0.0324086
8411.50    0.0311453
8421.50    0.0299473
8431.50    0.0288342
8441.50    0.0276271
8451.50    0.0265156
8461.50    0.0254056
8471.50    0.0242968
8481.50    0.0232033
8491.50    0.0221104
8501.50    0.0210529
8511.50    0.0200267
8521.50    0.0190510
8531.50    0.0181625
8541.50    0.0172998
8551.50    0.0164837
8561.50    0.0157092
8571.50    0.0149781
8581.50    0.0142726
8591.50    0.0136102
8601.50    0.0129730
8611.50    0.0123641
8621.50    0.0117814
8631.50    0.0112243
8641.50    0.0106911
8651.50    0.0101796
8661.50   0.00968864
8671.50   0.00921752
8681.50   0.00876463
8691.50   0.00832907
8701.50   0.00790987
8711.50   0.00750612
8721.50   0.00711698
8731.50   0.00674168
8741.50   0.00637950
8751.50   0.00602974
8761.50   0.00569172
8771.50   0.00536476
8781.50   0.00504817
8791.50   0.00474219
8801.50   0.00444639
8811.50   0.00415824
8821.50   0.00387992
8831.50   0.00361023
8841.50   0.00334827
8851.50   0.00309487
8861.50   0.00284338
8871.50   0.00260492
8881.50   0.00237198
8891.50   0.00214661
8901.50   0.00192618
8911.50   0.00171244
8921.50   0.00150158
8931.50   0.00129250
8941.50   0.00109044
8951.50  0.000890422
8961.50  0.000686918
8971.50  0.000494903
8981.50  0.000332333
8991.50  0.000163922
9001.50  1.48954e-05
