a,b
2980,0.00000
3000,0.016232
3010,0.025438
3020,0.035054
3030,0.05332
3040,0.063708
3050,0.089539
3060,0.10698
3070,0.13269
3080,0.15306
3090,0.1719
3100,0.21254
3110,0.23037
3120,0.25933
3130,0.2853
3140,0.29651
3150,0.33298
3160,0.34547
3170,0.36545
3180,0.3812
3190,0.4227
3200,0.39249
3210,0.45488
3220,0.43049
3230,0.46082
3240,0.49045
3250,0.46805
3260,0.50403
3270,0.51372
3280,0.49198
3290,0.53279
3300,0.53894
3310,0.52605
3320,0.55021
3330,0.55701
3340,0.55103
3350,0.56841
3360,0.57525
3370,0.57206
3380,0.5801
3390,0.58836
3400,0.58676
3410,0.59475
3420,0.60052
3430,0.6033
3440,0.6037
3450,0.61149
3460,0.61632
3470,0.62021
3480,0.62384
3490,0.62793
3500,0.63139
3510,0.63484
3520,0.63762
3530,0.64165
3540,0.64505
3550,0.64821
3560,0.65128
3570,0.65401
3580,0.65696
3590,0.65989
3600,0.66286
3610,0.66659
3620,0.67045
3630,0.67401
3640,0.67728
3650,0.68035
3660,0.68349
3670,0.68646
3680,0.68941
3690,0.69232
3700,0.6952
3710,0.69805
3720,0.70086
3730,0.70365
3740,0.7064
3750,0.70908
3760,0.71167
3770,0.71412
3780,0.7164
3790,0.71871
3800,0.72124
3810,0.72408
3820,0.72703
3830,0.72981
3840,0.73244
3850,0.73499
3860,0.73746
3870,0.73989
3880,0.74228
3890,0.74465
3900,0.747
3910,0.74932
3920,0.75162
3930,0.75389
3940,0.75615
3950,0.75837
3960,0.76058
3970,0.76275
3980,0.76491
3990,0.76704
4000,0.76914
4010,0.77123
4020,0.7733
4030,0.77535
4040,0.77737
4050,0.77938
4060,0.78136
4070,0.78333
4080,0.78527
4090,0.7872
4100,0.7891
4110,0.79099
4120,0.79285
4130,0.79469
4140,0.7964
4150,0.79825
4160,0.80008
4170,0.80187
4180,0.80362
4190,0.80535
4200,0.80706
4210,0.80876
4220,0.81044
4230,0.81211
4240,0.81376
4250,0.81536
4260,0.81695
4270,0.81853
4280,0.82007
4290,0.82159
4300,0.8231
4310,0.82458
4320,0.82605
4330,0.82751
4340,0.82895
4350,0.83038
4360,0.83179
4370,0.83318
4380,0.83456
4390,0.83592
4400,0.83726
4410,0.83858
4420,0.83989
4430,0.84117
4440,0.84243
4450,0.84366
4460,0.84486
4470,0.84611
4480,0.84745
4490,0.84881
4500,0.85013
4510,0.85141
4520,0.85264
4530,0.85384
4540,0.85502
4550,0.85613
4560,0.85714
4570,0.85816
4580,0.85916
4590,0.86013
4600,0.8611
4610,0.86206
4620,0.863
4630,0.86394
4640,0.86517
4650,0.86639
4660,0.86759
4670,0.86876
4680,0.8697
4690,0.87051
4700,0.87126
4710,0.87194
4720,0.87251
4730,0.87291
4740,0.87324
4750,0.87335
4760,0.87321
4770,0.87322
4780,0.87414
4790,0.87553
4800,0.87702
4810,0.87836
4820,0.87963
4830,0.88074
4840,0.88169
4850,0.88254
4860,0.88346
4870,0.88444
4880,0.88539
4890,0.88632
4900,0.88723
4910,0.88794
4920,0.88858
4930,0.88922
4940,0.88985
4950,0.89047
4960,0.89077
4970,0.89105
4980,0.89133
4990,0.89159
5000,0.89185
5010,0.89208
5020,0.89231
5030,0.89253
5040,0.89274
5050,0.89294
5060,0.8936
5070,0.89429
5080,0.89497
5090,0.89564
5100,0.89629
5110,0.89688
5120,0.89744
5130,0.898
5140,0.89856
5150,0.89911
5160,0.89949
5170,0.89972
5180,0.89995
5190,0.90017
5200,0.90039
5210,0.90058
5220,0.90071
5230,0.90081
5240,0.9009
5250,0.90097
5260,0.90108
5270,0.90108
5280,0.90103
5290,0.90098
5300,0.90094
5310,0.9009
5320,0.9009
5330,0.9012
5340,0.90157
5350,0.902
5360,0.9024
5370,0.90278
5380,0.90311
5390,0.90342
5400,0.9037
5410,0.90398
5420,0.90425
5430,0.90451
5440,0.9047
5450,0.90483
5460,0.90495
5470,0.90508
5480,0.9052
5490,0.90532
5500,0.90537
5510,0.90534
5520,0.90532
5530,0.90528
5540,0.90523
5550,0.90518
5560,0.9051
5570,0.90498
5580,0.90485
5590,0.9047
5600,0.90453
5610,0.90433
5620,0.90401
5630,0.90378
5640,0.90349
5650,0.90308
5660,0.90275
5670,0.90197
5680,0.89983
5690,0.89549
5700,0.89591
5710,0.89861
5720,0.89553
5730,0.89603
5740,0.89603
5750,0.89575
5760,0.89594
5770,0.8971
5780,0.89865
5790,0.90014
5800,0.90172
5810,0.90382
5820,0.90535
5830,0.90643
5840,0.90738
5850,0.90816
5860,0.9089
5870,0.90815
5880,0.90286
5890,0.89411
5900,0.8938
5910,0.90025
5920,0.89719
5930,0.90446
5940,0.90312
5950,0.89835
5960,0.90516
5970,0.90329
5980,0.90584
5990,0.90668
6000,0.90893
6010,0.91035
6020,0.9106
6030,0.9114
6040,0.91246
6050,0.91327
6060,0.91392
6070,0.91454
6080,0.91515
6090,0.91573
6100,0.91634
6110,0.91703
6120,0.91769
6130,0.91834
6140,0.91897
6150,0.9196
6160,0.92021
6170,0.92079
6180,0.92127
6190,0.92169
6200,0.92208
6210,0.92242
6220,0.92271
6230,0.92293
6240,0.92315
6250,0.92334
6260,0.92326
6270,0.92067
6280,0.89728
6290,0.91214
6300,0.91422
6310,0.9186
6320,0.91953
6330,0.92398
6340,0.92646
6350,0.92776
6360,0.92934
6370,0.93069
6380,0.93283
6390,0.93385
6400,0.93538
6410,0.9363
6420,0.93745
6430,0.93734
6440,0.93801
6450,0.93745
6460,0.93303
6470,0.93009
6480,0.92671
6490,0.93065
6500,0.93768
6510,0.93813
6520,0.93277
6530,0.93988
6540,0.93958
6550,0.9376
6560,0.93889
6570,0.94062
6580,0.94331
6590,0.94506
6600,0.94607
6610,0.9482
6620,0.94937
6630,0.94966
6640,0.95038
6650,0.95105
6660,0.95179
6670,0.95246
6680,0.95319
6690,0.95377
6700,0.95432
6710,0.95488
6720,0.9554
6730,0.95592
6740,0.95643
6750,0.95694
6760,0.95743
6770,0.95787
6780,0.95832
6790,0.95871
6800,0.95889
6810,0.95899
6820,0.95931
6830,0.95952
6840,0.95938
6850,0.96011
6860,0.95724
6870,0.85219
6880,0.88507
6890,0.87597
6900,0.89297
6910,0.91624
6920,0.93182
6930,0.93293
6940,0.93047
6950,0.93769
6960,0.9417
6970,0.95627
6980,0.95357
6990,0.94097
7000,0.94325
7010,0.94051
7020,0.94274
7030,0.95354
7040,0.95412
7050,0.94982
7060,0.95078
7070,0.95245
7080,0.95424
7090,0.95781
7100,0.95422
7110,0.95809
7120,0.9614
7130,0.95894
7140,0.95819
7150,0.95416
7160,0.95001
7170,0.92211
7180,0.90467
7190,0.89843
7200,0.88863
7210,0.93099
7220,0.9457
7230,0.93754
7240,0.91384
7250,0.91754
7260,0.91644
7270,0.91988
7280,0.91619
7290,0.92539
7300,0.92379
7310,0.92185
7320,0.93723
7330,0.95172
7340,0.95863
7350,0.95622
7360,0.9517
7370,0.95516
7380,0.9599
7390,0.96195
7400,0.96644
7410,0.96904
7420,0.97015
7430,0.97255
7440,0.97366
7450,0.97452
7460,0.9752
7470,0.97542
7480,0.97607
7490,0.97642
7500,0.97634
7510,0.97652
7520,0.97709
7530,0.97737
7540,0.9776
7550,0.97778
7560,0.97797
7570,0.9781
7580,0.97688
7590,0.92143
7600,0.48306
7610,0.43817
7620,0.70221
7630,0.62249
7640,0.66217
7650,0.75066
7660,0.85484
7670,0.90648
7680,0.93993
7690,0.96189
7700,0.9734
7710,0.9791
7720,0.98046
7730,0.98108
7740,0.98184
7750,0.98223
7760,0.98251
7770,0.98262
7780,0.98266
7790,0.98268
7800,0.98269
7810,0.98295
7820,0.98295
7830,0.98297
7840,0.98283
7850,0.98187
7860,0.98034
7870,0.97693
7880,0.97516
7890,0.9687
7900,0.96818
7910,0.96944
7920,0.9706
7930,0.97326
7940,0.97887
7950,0.97548
7960,0.96638
7970,0.96902
7980,0.97481
7990,0.97352
8000,0.96935
8010,0.96988
8020,0.96947
8030,0.97011
8040,0.9721
8050,0.97589
8060,0.97816
8070,0.97828
8080,0.97703
8090,0.9755
8100,0.97382
8110,0.97033
8120,0.96563
8130,0.95984
8140,0.95215
8150,0.94253
8160,0.92997
8170,0.93075
8180,0.93181
8190,0.93595
8200,0.94975
8210,0.96537
8220,0.95354
8230,0.91986
8240,0.94832
8250,0.96627
8260,0.96318
8270,0.96094
8280,0.94912
8290,0.95342
8300,0.9582
8310,0.95932
8320,0.95978
8330,0.96251
8340,0.96572
8350,0.97207
8360,0.97002
8370,0.9698
8380,0.97291
8390,0.97479
8400,0.97548
8410,0.97346
8420,0.9753
8430,0.97963
8440,0.98159
8450,0.98251
8460,0.98348
8470,0.98455
8480,0.98283
8490,0.98308
8500,0.98223
8510,0.98123
8520,0.98135
8530,0.98306
8540,0.98298
8550,0.98384
8560,0.98563
8570,0.98638
8580,0.98679
8590,0.98765
8600,0.98808
8610,0.98816
8620,0.9884
8630,0.98845
8640,0.98862
8650,0.98877
8660,0.98882
8670,0.98882
8680,0.98886
8690,0.98893
8700,0.98892
8710,0.98898
8720,0.98909
8730,0.98902
8740,0.98899
8750,0.989
8760,0.98886
8770,0.98879
8780,0.98826
8790,0.98824
8800,0.98778
8810,0.98753
8820,0.98729
8830,0.98756
8840,0.98768
8850,0.98672
8860,0.98537
8870,0.98644
8880,0.9864
8890,0.98675
8900,0.98598
8910,0.98437
8920,0.98094
8930,0.9704
8940,0.96518
8950,0.94887
8960,0.93416
8970,0.91853
8980,0.91117
8990,0.8898
9000,0.893
9010,0.88736
9020,0.8883
9030,0.92411
9040,0.94545
9050,0.94462
9060,0.9313
9070,0.9074
9080,0.89141
9090,0.89216
9100,0.89461
9110,0.90527
9120,0.90012
9130,0.8775
9140,0.88872
9150,0.89746
9160,0.89978
9170,0.90444
9180,0.91047
9190,0.93088
9200,0.94603
9210,0.94265
9220,0.94235
9230,0.93812
9240,0.92789
9250,0.92715
9260,0.9272
9270,0.91541
9280,0.89704
9290,0.86999
9300,0.83459
9310,0.79357
9320,0.73838
9330,0.69412
9340,0.6458
9350,0.64081
9360,0.66082
9370,0.65545
9380,0.70804
9390,0.83405
9400,0.85137
9410,0.83599
9420,0.79779
9430,0.73111
9440,0.72649
9450,0.75136
9460,0.75249
9470,0.77351
9480,0.78568
9490,0.7838
9500,0.78683
9510,0.81376
9520,0.78442
9530,0.80453
9540,0.82563
9550,0.80794
9560,0.80346
9570,0.85653
9580,0.86293
9590,0.85403
9600,0.8513
9610,0.84678
9620,0.8506
9630,0.87879
9640,0.88267
9650,0.87986
9660,0.88122
9670,0.9008
9680,0.93277
9690,0.94688
9700,0.94758
9710,0.94723
9720,0.94324
9730,0.93393
9740,0.92245
9750,0.91501
9760,0.9241
9770,0.93895
9780,0.93769
9790,0.94144
9800,0.95632
9810,0.95955
9820,0.9562
9830,0.96374
9840,0.97146
9850,0.97582
9860,0.98142
9870,0.98383
9880,0.98437
9890,0.98471
9900,0.9853
9910,0.98737
9920,0.98797
9930,0.98819
9940,0.99007
9950,0.99135
9960,0.99134
9970,0.99054
9980,0.98959
9990,0.98925
10000,0.98955
11000,0.98955
12000,0.98955
