a,b,c
325,0.9487,0.0445
326,0.9480,0.0452
327,0.9466,0.0466
328,0.9461,0.0471
329,0.9446,0.0486
330,0.9426,0.0506
331,0.9400,0.0532
332,0.9385,0.0547
333,0.9371,0.0561
334,0.9366,0.0566
335,0.9339,0.0593
336,0.9305,0.0627
337,0.9285,0.0647
338,0.9284,0.0648
339,0.9288,0.0644
340,0.9288,0.0644
341,0.9302,0.0630
342,0.9320,0.0612
343,0.9358,0.0574
344,0.9373,0.0559
345,0.9415,0.0517
346,0.9440,0.0492
347,0.9474,0.0458
348,0.9501,0.0431
349,0.9530,0.0402
350,0.9544,0.0388
351,0.9563,0.0369
352,0.9594,0.0338
353,0.9639,0.0293
354,0.9656,0.0276
355,0.9664,0.0268
356,0.9707,0.0225
357,0.9731,0.0201
358,0.9773,0.0159
359,0.9800,0.0132
360,0.9831,0.0101
361,0.9821,0.0111
362,0.9848,0.0084
363,0.9882,0.0050
364,0.9866,0.0066
365,0.9855,0.0077
366,0.9851,0.0081
367,0.9848,0.0084
368,0.9858,0.0074
369,0.9858,0.0074
370,0.9865,0.0067
371,0.9866,0.0066
372,0.9881,0.0051
373,0.9900,0.0032
374,0.9890,0.0042
375,0.9893,0.0039
376,0.9885,0.0047
377,0.9891,0.0041
378,0.9881,0.0051
379,0.9870,0.0062
380,0.9862,0.0070
381,0.9854,0.0078
382,0.9859,0.0073
383,0.9848,0.0084
384,0.9845,0.0087
385,0.9840,0.0092
386,0.9839,0.0093
387,0.9849,0.0083
388,0.9846,0.0086
389,0.9829,0.0103
390,0.9802,0.0130
391,0.9790,0.0142
392,0.9763,0.0169
393,0.9725,0.0207
394,0.9678,0.0254
395,0.9620,0.0312
396,0.9576,0.0356
397,0.9544,0.0388
398,0.9519,0.0413
399,0.9491,0.0441
400,0.9479,0.0453
401,0.9489,0.0443
402,0.9511,0.0421
403,0.9542,0.0390
404,0.9574,0.0358
405,0.9600,0.0332
406,0.9632,0.0300
407,0.9668,0.0264
408,0.9691,0.0241
409,0.9709,0.0223
410,0.9726,0.0206
411,0.9741,0.0191
412,0.9747,0.0185
413,0.9754,0.0178
414,0.9758,0.0174
415,0.9754,0.0178
416,0.9761,0.0171
417,0.9762,0.0170
418,0.9764,0.0168
419,0.9759,0.0173
420,0.9759,0.0173
421,0.9762,0.0170
422,0.9763,0.0169
423,0.9769,0.0163
424,0.9773,0.0159
425,0.9781,0.0151
426,0.9784,0.0148
427,0.9794,0.0138
428,0.9806,0.0126
429,0.9817,0.0115
430,0.9829,0.0103
431,0.9838,0.0094
432,0.9846,0.0086
433,0.9854,0.0078
434,0.9863,0.0069
435,0.9866,0.0066
436,0.9866,0.0066
437,0.9860,0.0072
438,0.9854,0.0078
439,0.9846,0.0086
440,0.9837,0.0095
441,0.9823,0.0109
442,0.9810,0.0122
443,0.9802,0.0130
444,0.9793,0.0139
445,0.9791,0.0141
446,0.9793,0.0139
447,0.9800,0.0132
448,0.9804,0.0128
449,0.9814,0.0118
450,0.9823,0.0109
451,0.9827,0.0105
452,0.9836,0.0096
453,0.9843,0.0089
454,0.9847,0.0085
455,0.9846,0.0086
456,0.9847,0.0085
457,0.9848,0.0084
458,0.9850,0.0082
459,0.9853,0.0079
460,0.9854,0.0078
461,0.9854,0.0078
462,0.9856,0.0076
463,0.9854,0.0078
464,0.9854,0.0078
465,0.9848,0.0084
466,0.9844,0.0088
467,0.9842,0.0090
468,0.9832,0.0100
469,0.9826,0.0106
470,0.9822,0.0110
471,0.9820,0.0112
472,0.9821,0.0111
473,0.9829,0.0103
474,0.9838,0.0094
475,0.9846,0.0086
476,0.9862,0.0070
477,0.9875,0.0057
478,0.9884,0.0048
479,0.9897,0.0035
480,0.9903,0.0029
481,0.9908,0.0024
482,0.9911,0.0021
483,0.9913,0.0019
484,0.9915,0.0017
485,0.9910,0.0022
486,0.9912,0.0020
487,0.9910,0.0022
488,0.9915,0.0017
489,0.9915,0.0017
490,0.9915,0.0017
491,0.9918,0.0014
492,0.9919,0.0013
493,0.9926,0.0006
494,0.9928,0.0004
495,0.9930,0.0002
496,0.9926,0.0006
497,0.9924,0.0008
498,0.9923,0.0009
499,0.9921,0.0011
500,0.9917,0.0010
501,0.9910,0.0011
502,0.9905,0.0012
503,0.9904,0.0014
504,0.9902,0.0015
505,0.9904,0.0016
506,0.9903,0.0017
507,0.9899,0.0019
508,0.9901,0.0020
509,0.9903,0.0020
510,0.9904,0.0021
511,0.9905,0.0021
512,0.9908,0.0021
513,0.9911,0.0020
514,0.9915,0.0019
515,0.9922,0.0017
516,0.9928,0.0016
517,0.9936,0.0015
518,0.9942,0.0013
519,0.9942,0.0012
520,0.9943,0.0010
521,0.9941,0.0010
522,0.9941,0.0009
523,0.9937,0.0008
524,0.9932,0.0008
525,0.9929,0.0008
526,0.9927,0.0008
527,0.9931,0.0009
528,0.9932,0.0009
529,0.9934,0.0010
530,0.9935,0.0012
531,0.9939,0.0013
532,0.9942,0.0015
533,0.9942,0.0017
534,0.9935,0.0019
535,0.9930,0.0021
536,0.9925,0.0024
537,0.9922,0.0026
538,0.9919,0.0028
539,0.9913,0.0030
540,0.9909,0.0033
541,0.9905,0.0035
542,0.9902,0.0037
543,0.9905,0.0038
544,0.9903,0.0039
545,0.9903,0.0041
546,0.9902,0.0042
547,0.9894,0.0043
548,0.9897,0.0044
549,0.9894,0.0045
550,0.9897,0.0047
551,0.9895,0.0049
552,0.9894,0.0051
553,0.9888,0.0054
554,0.9879,0.0058
555,0.9883,0.0063
556,0.9872,0.0068
557,0.9866,0.0076
558,0.9855,0.0084
559,0.9837,0.0094
560,0.9822,0.0106
561,0.9806,0.0121
562,0.9789,0.0137
563,0.9765,0.0157
564,0.9742,0.0178
565,0.9713,0.0203
566,0.9679,0.0230
567,0.9650,0.0260
568,0.9614,0.0293
569,0.9577,0.0327
570,0.9546,0.0363
571,0.9502,0.0400
572,0.9463,0.0438
573,0.9423,0.0477
574,0.9386,0.0515
575,0.9342,0.0554
576,0.9300,0.0594
577,0.9254,0.0636
578,0.9197,0.0681
579,0.9145,0.0730
580,0.9079,0.0785
581,0.9004,0.0847
582,0.8917,0.0919
583,0.8816,0.1002
584,0.8702,0.1099
585,0.8568,0.1211
586,0.8415,0.1340
587,0.8242,0.1487
588,0.8054,0.1654
589,0.7851,0.1839
590,0.7628,0.2043
591,0.7396,0.2265
592,0.7149,0.2500
593,0.6905,0.2746
594,0.6662,0.2999
595,0.6423,0.3253
596,0.6193,0.3505
597,0.5972,0.3749
598,0.5772,0.3980
599,0.5586,0.4193
600,0.5425,0.4390
601,0.5278,0.4567
602,0.5147,0.4727
603,0.5029,0.4868
604,0.4922,0.4994
605,0.4822,0.5110
606,0.4722,0.5221
607,0.4617,0.5331
608,0.4504,0.5442
609,0.4382,0.5559
610,0.4251,0.5682
611,0.4113,0.5815
612,0.3968,0.5958
613,0.3813,0.6110
614,0.3655,0.6268
615,0.3499,0.6430
616,0.3337,0.6595
617,0.3178,0.6760
618,0.3019,0.6925
619,0.2861,0.7090
620,0.2703,0.7254
621,0.2541,0.7416
622,0.2378,0.7577
623,0.2210,0.7740
624,0.2041,0.7904
625,0.1868,0.8073
626,0.1693,0.8241
627,0.1518,0.8409
628,0.1345,0.8574
629,0.1181,0.8736
630,0.1026,0.8892
631,0.0884,0.9040
632,0.0756,0.9174
633,0.0644,0.9294
634,0.0547,0.9403
635,0.0465,0.9497
636,0.0399,0.9574
637,0.0344,0.9640
638,0.0301,0.9695
639,0.0260,0.9740
640,0.0224,0.9776
641,0.0193,0.9807
642,0.0170,0.9830
643,0.0148,0.9852
644,0.0129,0.9871
645,0.0118,0.9882
646,0.0109,0.9891
647,0.0099,0.9901
648,0.0088,0.9912
649,0.0084,0.9916
650,0.0082,0.9918
651,0.0080,0.9920
652,0.0083,0.9917
653,0.0085,0.9915
654,0.0089,0.9911
655,0.0099,0.9901
656,0.0111,0.9889
657,0.0122,0.9878
658,0.0135,0.9865
659,0.0149,0.9851
660,0.0159,0.9841
661,0.0171,0.9829
662,0.0181,0.9819
663,0.0184,0.9816
664,0.0184,0.9816
665,0.0185,0.9815
666,0.0185,0.9815
667,0.0184,0.9816
668,0.0180,0.9820
669,0.0171,0.9829
670,0.0165,0.9835
671,0.0161,0.9839
672,0.0161,0.9839
673,0.0157,0.9843
674,0.0149,0.9851
675,0.0142,0.9858
676,0.0139,0.9861
677,0.0138,0.9862
678,0.0135,0.9865
679,0.0133,0.9867
680,0.0130,0.9870
681,0.0130,0.9870
682,0.0132,0.9868
683,0.0134,0.9866
684,0.0138,0.9862
685,0.0140,0.9860
686,0.0139,0.9861
687,0.0140,0.9860
688,0.0142,0.9858
689,0.0142,0.9858
690,0.0141,0.9859
691,0.0138,0.9862
692,0.0131,0.9869
693,0.0122,0.9878
694,0.0117,0.9883
695,0.0113,0.9887
696,0.0103,0.9897
697,0.0093,0.9907
698,0.0090,0.9910
699,0.0088,0.9912
700,0.0087,0.9913
701,0.0090,0.9910
702,0.0093,0.9907
703,0.0098,0.9902
704,0.0108,0.9892
705,0.0118,0.9882
706,0.0125,0.9875
707,0.0133,0.9867
708,0.0140,0.9860
709,0.0148,0.9852
710,0.0155,0.9845
711,0.0156,0.9844
712,0.0160,0.9840
713,0.0167,0.9833
714,0.0168,0.9832
715,0.0170,0.9830
716,0.0171,0.9829
717,0.0168,0.9832
718,0.0168,0.9832
719,0.0165,0.9835
720,0.0157,0.9843
721,0.0145,0.9855
722,0.0138,0.9862
723,0.0131,0.9869
724,0.0119,0.9881
725,0.0113,0.9887
726,0.0105,0.9895
727,0.0094,0.9906
728,0.0087,0.9913
729,0.0080,0.9920
730,0.0070,0.9930
731,0.0065,0.9935
732,0.0065,0.9935
733,0.0057,0.9943
734,0.0062,0.9938
735,0.0064,0.9936
736,0.0071,0.9929
737,0.0080,0.9920
738,0.0089,0.9911
739,0.0086,0.9914
740,0.0092,0.9908
741,0.0110,0.9890
742,0.0111,0.9889
743,0.0120,0.9880
744,0.0119,0.9881
745,0.0125,0.9875
746,0.0139,0.9861
747,0.0153,0.9847
748,0.0160,0.9840
749,0.0162,0.9838
750,0.0168,0.9832
751,0.0164,0.9836
752,0.0182,0.9818
753,0.0197,0.9803
754,0.0189,0.9811
755,0.0186,0.9814
756,0.0184,0.9816
757,0.0176,0.9824
758,0.0172,0.9828
759,0.0160,0.9840
760,0.0138,0.9862
761,0.0121,0.9879
762,0.0112,0.9888
763,0.0107,0.9893
764,0.0089,0.9911
765,0.0081,0.9919
766,0.0066,0.9934
767,0.0066,0.9934
768,0.0071,0.9929
769,0.0044,0.9956
770,0.0042,0.9958
771,0.0040,0.9960
772,0.0056,0.9944
773,0.0065,0.9935
774,0.0080,0.9920
775,0.0082,0.9918
776,0.0074,0.9926
777,0.0096,0.9904
778,0.0101,0.9899
779,0.0106,0.9894
780,0.0108,0.9892
781,0.0100,0.9900
782,0.0090,0.9910
783,0.0108,0.9892
784,0.0116,0.9884
785,0.0117,0.9883
786,0.0131,0.9869
787,0.0125,0.9875
788,0.0113,0.9887
789,0.0121,0.9879
790,0.0147,0.9853
791,0.0125,0.9875
792,0.0139,0.9861
793,0.0124,0.9876
794,0.0131,0.9869
795,0.0143,0.9857
796,0.0130,0.9870
797,0.0122,0.9878
798,0.0097,0.9903
799,0.0105,0.9895
800,0.0092,0.9908
801,0.0091,0.9909
802,0.0097,0.9903
803,0.0103,0.9897
804,0.0136,0.9864
805,0.0143,0.9857
806,0.0138,0.9862
807,0.0120,0.9880
808,0.0101,0.9899
809,0.0112,0.9888
810,0.0085,0.9915
811,0.0065,0.9935
812,0.0040,0.9960
813,0.0052,0.9948
814,0.0070,0.9930
815,0.0092,0.9908
816,0.0124,0.9876
817,0.0144,0.9856
818,0.0169,0.9831
819,0.0182,0.9818
820,0.0227,0.9773
821,0.0238,0.9762
822,0.0251,0.9749
823,0.0262,0.9738
824,0.0235,0.9765
825,0.0225,0.9775
826,0.0239,0.9761
827,0.0264,0.9736
828,0.0251,0.9749
829,0.0264,0.9736
830,0.0262,0.9738
831,0.0234,0.9766
832,0.0274,0.9726
833,0.0278,0.9722
834,0.0289,0.9711
835,0.0261,0.9739
836,0.0237,0.9763
837,0.0220,0.9780
838,0.0212,0.9788
839,0.0228,0.9772
840,0.0220,0.9780
841,0.0206,0.9794
842,0.0153,0.9847
843,0.0136,0.9864
844,0.0128,0.9872
845,0.0111,0.9889
846,0.0122,0.9878
847,0.0115,0.9885
848,0.0108,0.9892
849,0.0143,0.9857
850,0.0176,0.9824
851,0.0178,0.9822
852,0.0184,0.9816
853,0.0174,0.9826
854,0.0190,0.9810
855,0.0202,0.9798
856,0.0232,0.9768
857,0.0207,0.9793
858,0.0211,0.9789
859,0.0217,0.9783
860,0.0224,0.9776
861,0.0232,0.9768
862,0.0197,0.9803
863,0.0135,0.9865
864,0.0108,0.9892
865,0.0082,0.9918
866,0.0041,0.9959
867,0.0032,0.9968
868,-0.0008,1.0008
869,-0.0016,1.0016
870,-0.0026,1.0026
871,0.0048,0.9952
872,0.0061,0.9939
873,0.0049,0.9951
874,0.0056,0.9944
875,0.0085,0.9915
876,0.0111,0.9889
877,0.0109,0.9891
878,0.0100,0.9900
879,0.0081,0.9919
880,0.0057,0.9943
881,0.0101,0.9899
882,0.0101,0.9899
883,0.0052,0.9948
884,0.0052,0.9948
885,0.0050,0.9950
886,0.0070,0.9930
887,0.0052,0.9948
888,0.0042,0.9958
889,0.0034,0.9966
890,0.0012,0.9988
891,0.0037,0.9963
892,0.0050,0.9950
893,0.0050,0.9950
894,0.0032,0.9968
895,0.0038,0.9962
896,0.0031,0.9969
897,0.0032,0.9968
898,0.0044,0.9956
899,0.0037,0.9963
900,0.0038,0.9962
901,0.0036,0.9964
902,0.0063,0.9937
903,0.0071,0.9929
904,0.0088,0.9912
905,0.0082,0.9918
906,0.0085,0.9915
907,0.0099,0.9901
908,0.0103,0.9897
909,0.0108,0.9892
910,0.0086,0.9914
911,0.0083,0.9917
912,0.0084,0.9916
913,0.0082,0.9918
914,0.0098,0.9902
915,0.0100,0.9900
916,0.0097,0.9903
917,0.0105,0.9895
918,0.0123,0.9877
919,0.0135,0.9865
920,0.0131,0.9869
921,0.0140,0.9860
922,0.0138,0.9862
923,0.0151,0.9849
924,0.0151,0.9849
925,0.0154,0.9846
926,0.0145,0.9855
927,0.0142,0.9858
928,0.0139,0.9861
929,0.0143,0.9857
930,0.0148,0.9852
931,0.0136,0.9864
932,0.0132,0.9868
933,0.0132,0.9868
934,0.0146,0.9854
935,0.0145,0.9855
936,0.0151,0.9849
937,0.0144,0.9856
938,0.0131,0.9869
939,0.0137,0.9863
940,0.0140,0.9860
941,0.0145,0.9855
942,0.0136,0.9864
943,0.0137,0.9863
944,0.0133,0.9867
945,0.0138,0.9862
946,0.0140,0.9860
947,0.0127,0.9873
948,0.0125,0.9875
949,0.0116,0.9884
950,0.0105,0.9895
951,0.0094,0.9906
952,0.0091,0.9909
953,0.0083,0.9917
954,0.0074,0.9926
955,0.0074,0.9926
956,0.0064,0.9936
957,0.0050,0.9950
958,0.0050,0.9950
959,0.0050,0.9950
960,0.0042,0.9958
961,0.0038,0.9962
962,0.0037,0.9963
963,0.0030,0.9970
964,0.0025,0.9975
965,0.0034,0.9966
966,0.0039,0.9961
967,0.0034,0.9966
968,0.0037,0.9963
969,0.0035,0.9965
970,0.0038,0.9962
971,0.0044,0.9956
972,0.0050,0.9950
973,0.0047,0.9953
974,0.0047,0.9953
975,0.0053,0.9947
976,0.0053,0.9947
977,0.0058,0.9942
978,0.0059,0.9941
979,0.0058,0.9942
980,0.0062,0.9938
981,0.0066,0.9934
982,0.0067,0.9933
983,0.0066,0.9934
984,0.0072,0.9928
985,0.0076,0.9924
986,0.0081,0.9919
987,0.0082,0.9918
988,0.0089,0.9911
989,0.0085,0.9915
990,0.0096,0.9904
991,0.0097,0.9903
992,0.0097,0.9903
993,0.0096,0.9904
994,0.0097,0.9903
995,0.0099,0.9901
996,0.0101,0.9899
997,0.0104,0.9896
998,0.0098,0.9902
999,0.0098,0.9902
1000,0.0095,0.9905
1001,0.0098,0.9902
1002,0.0096,0.9904
1003,0.0098,0.9902
1004,0.0087,0.9913
1005,0.0086,0.9914
1006,0.0080,0.9920
1007,0.0082,0.9918
1008,0.0079,0.9921
1009,0.0074,0.9926
1010,0.0068,0.9932
1011,0.0064,0.9936
1012,0.0062,0.9938
1013,0.0062,0.9938
1014,0.0064,0.9936
1015,0.0068,0.9932
1016,0.0068,0.9932
1017,0.0068,0.9932
1018,0.0074,0.9926
1019,0.0074,0.9926
1020,0.0078,0.9922
1021,0.0074,0.9926
1022,0.0072,0.9928
1023,0.0063,0.9937
1024,0.0058,0.9942
1025,0.0057,0.9943
1026,0.0053,0.9947
1027,0.0055,0.9945
1028,0.0055,0.9945
1029,0.0060,0.9940
1030,0.0067,0.9933
1031,0.0074,0.9926
1032,0.0082,0.9918
1033,0.0089,0.9911
1034,0.0096,0.9904
1035,0.0101,0.9899
1036,0.0111,0.9889
1037,0.0119,0.9881
1038,0.0121,0.9879
1039,0.0128,0.9872
1040,0.0134,0.9866
1041,0.0133,0.9867
1042,0.0139,0.9861
1043,0.0140,0.9860
1044,0.0141,0.9859
1045,0.0145,0.9855
1046,0.0149,0.9851
1047,0.0153,0.9847
1048,0.0157,0.9843
1049,0.0164,0.9836
1050,0.0163,0.9837
1051,0.0168,0.9832
1052,0.0174,0.9826
1053,0.0174,0.9826
1054,0.0176,0.9824
1055,0.0176,0.9824
1056,0.0179,0.9821
1057,0.0177,0.9823
1058,0.0184,0.9816
1059,0.0185,0.9815
1060,0.0182,0.9818
1061,0.0186,0.9814
1062,0.0189,0.9811
1063,0.0188,0.9812
1064,0.0182,0.9818
1065,0.0186,0.9814
1066,0.0180,0.9820
1067,0.0178,0.9822
1068,0.0176,0.9824
1069,0.0174,0.9826
1070,0.0166,0.9834
1071,0.0164,0.9836
1072,0.0165,0.9835
1073,0.0166,0.9834
1074,0.0167,0.9833
1075,0.0165,0.9835
1076,0.0162,0.9838
1077,0.0158,0.9842
1078,0.0158,0.9842
1079,0.0154,0.9846
1080,0.0151,0.9849
1081,0.0141,0.9859
1082,0.0133,0.9867
1083,0.0130,0.9870
1084,0.0127,0.9873
1085,0.0122,0.9878
1086,0.0118,0.9882
1087,0.0110,0.9890
1088,0.0104,0.9896
1089,0.0104,0.9896
1090,0.0105,0.9895
1091,0.0099,0.9901
1092,0.0095,0.9905
1093,0.0090,0.9910
1094,0.0091,0.9909
1095,0.0095,0.9905
1096,0.0095,0.9905
1097,0.0093,0.9907
1098,0.0090,0.9910
1099,0.0092,0.9908
1100,0.0091,0.9909
