257.160  0.006
271.413  0.012
283.723  0.034
292.146  0.063
298.625  0.092
305.104  0.123
311.583  0.153
318.062  0.184
323.893  0.213
329.076  0.244
334.259  0.279
339.313  0.314
343.200  0.352
345.273  0.383
348.513  0.418
351.752  0.450
356.288  0.485
361.147  0.517
365.358  0.551
369.246  0.594
372.485  0.632
375.077  0.668
378.316  0.708
382.203  0.745
385.443  0.779
389.978  0.817
395.809  0.850
402.936  0.880
413.950  0.911
428.204  0.921
442.458  0.919
456.712  0.910
470.965  0.900
485.219  0.893
499.473  0.887
513.726  0.881
527.980  0.879
542.234  0.883
556.488  0.884
570.741  0.888
584.995  0.893
599.249  0.898
613.502  0.903
627.756  0.910
642.010  0.913
657.161  0.915
670.517  0.924
684.771  0.927
699.025  0.930
713.278  0.931
727.532  0.931
741.786  0.929
756.040  0.925
770.293  0.917
784.547  0.906
798.801  0.890
813.054  0.869
826.660  0.843
838.970  0.814
849.985  0.785
859.703  0.755
868.774  0.723
877.196  0.691
884.971  0.660
892.746  0.627
899.873  0.595
906.352  0.564
912.831  0.534
919.309  0.502
925.788  0.470
932.267  0.438
938.746  0.406
945.225  0.373
951.704  0.341
958.183  0.309
964.662  0.278
971.141  0.248
977.620  0.220
984.747  0.189
992.522  0.158
1000.944  0.127
1010.663  0.096
1020.381  0.069
1034.635  0.038
1047.593  0.018
