315.0 0.515
325.0 0.535
335.0 0.555
345.0 0.574
355.0 0.592
365.0 0.61
375.0 0.627
385.0 0.644
395.0 0.66
405.0 0.676
415.0 0.691
425.0 0.705
435.0 0.719
445.0 0.733
455.0 0.746
465.0 0.758
475.0 0.77
485.0 0.781
495.0 0.792
505.0 0.802
515.0 0.812
525.0 0.821
535.0 0.83
545.0 0.838
555.0 0.846
565.0 0.853
575.0 0.859
585.0 0.865
595.0 0.871
605.0 0.876
615.0 0.88
625.0 0.884
635.0 0.887
645.0 0.89
655.0 0.892
665.0 0.894
675.0 0.895
685.0 0.895
695.0 0.895
705.0 0.895
715.0 0.894
725.0 0.892
735.0 0.89
745.0 0.887
755.0 0.884
765.0 0.88
775.0 0.876
785.0 0.871
795.0 0.866
805.0 0.86
815.0 0.854
825.0 0.847
835.0 0.839
845.0 0.831
855.0 0.823
865.0 0.814
875.0 0.804
885.0 0.794
895.0 0.783
905.0 0.772
915.0 0.76
925.0 0.748
935.0 0.735
945.0 0.721
955.0 0.707
965.0 0.693
975.0 0.678
985.0 0.662
995.0 0.646
1005.0 0.629
1015.0 0.612
1025.0 0.595
1035.0 0.576
1045.0 0.558
1055.0 0.538
1065.0 0.518
1075.0 0.498
1085.0 0.477
1095.0 0.455
1100.0 0.432
