315.0 0.426
325.0 0.474
335.0 0.52
345.0 0.564
355.0 0.605
365.0 0.643
375.0 0.679
385.0 0.713
395.0 0.744
405.0 0.773
415.0 0.799
425.0 0.823
435.0 0.844
445.0 0.863
455.0 0.879
465.0 0.893
475.0 0.905
485.0 0.914
495.0 0.92
505.0 0.924
515.0 0.925
525.0 0.924
535.0 0.921
545.0 0.915
555.0 0.907
565.0 0.896
575.0 0.883
585.0 0.867
595.0 0.848
605.0 0.828
615.0 0.805
625.0 0.779
635.0 0.751
645.0 0.72
655.0 0.687
665.0 0.651
675.0 0.613
685.0 0.573
695.0 0.53
705.0 0.484
715.0 0.436
725.0 0.386
735.0 0.333
745.0 0.278
755.0 0.22
765.0 0.16
775.0 0.097
785.0 0.032
795.0 0.0
805.0 0.0
815.0 0.0
825.0 0.0
835.0 0.0
845.0 0.0
855.0 0.0
865.0 0.0
875.0 0.0
885.0 0.0
895.0 0.0
905.0 0.0
915.0 0.0
925.0 0.0
935.0 0.0
945.0 0.0
955.0 0.0
965.0 0.0
975.0 0.0
985.0 0.0
995.0 0.0
1005.0 0.0
1015.0 0.0
1025.0 0.0
1035.0 0.0
1045.0 0.0
1055.0 0.0
1065.0 0.0
1075.0 0.0
1085.0 0.0
1095.0 0.0
1100.0 0.0
