  1.341277E-20
 -1.657952E-20
 -1.657952E-20
 -1.657952E-20
 -1.657952E-20
 -1.657952E-20
 -1.657952E-20
 -1.657952E-20
 -1.657952E-20
 -1.657952E-20
 -1.657952E-20
 -1.657952E-20
 -1.657952E-20
 -1.657952E-20
 -1.657952E-20
 -1.657952E-20
 -1.657952E-20
 -1.657952E-20
 -1.657952E-20
 -1.657952E-20
 -1.657952E-20
 -1.657952E-20
 -1.657952E-20
 -1.657952E-20
 -1.657952E-20
 -1.657952E-20
 -1.657952E-20
 -1.657952E-20
  2.026713E-16
 -1.243077E-15
  1.778802E-14
  2.849611E-14
  3.220115E-14
  1.677665E-14
  9.824618E-15
 -6.664484E-15
  2.770371E-15
  1.915405E-14
  6.286907E-15
  9.937299E-15
  2.651629E-14
  2.267080E-14
  1.002185E-14
 -2.835937E-16
  5.536980E-15
  1.650606E-14
  1.265649E-14
  8.908803E-15
  6.151552E-15
  6.393500E-15
  4.277394E-15
  1.139541E-16
  3.309843E-15
  8.337810E-15
  1.028845E-14
  8.882500E-15
  9.438647E-15
  1.560482E-14
  1.371210E-14
  1.294862E-14
  1.349247E-14
  1.377232E-14
  1.392168E-14
  1.335747E-14
  1.308370E-14
  1.135195E-14
  1.095776E-14
  1.382325E-14
  1.581081E-14
  1.884564E-14
  2.921646E-14
  3.957064E-14
  1.426941E-13
  4.528256E-13
  4.679937E-13
  4.062122E-13
  3.653168E-13
  9.631681E-13
  9.997088E-13
  3.819275E-13
  1.100097E-13
  3.700801E-14
  1.854026E-14
  7.391014E-15
  4.474263E-15
  5.606262E-15
  4.161924E-15
  2.134745E-15
  5.224251E-15
  1.085110E-14
  1.210559E-14
  1.072244E-14
  1.400518E-14
  1.442741E-14
  1.588120E-14
  1.376950E-14
  1.130705E-14
  9.807762E-15
  6.827338E-15
  7.452408E-15
  8.780107E-15
  7.330489E-15
  8.326623E-15
  8.488282E-15
  7.451148E-15
  7.849176E-15
  8.060621E-15
  9.051867E-15
  7.558760E-15
  6.938880E-15
  7.985761E-15
  9.588159E-15
  8.538009E-15
  8.632155E-15
  9.417893E-15
  6.802685E-15
  5.534251E-15
  8.604922E-15
  7.593192E-15
  7.719339E-15
  1.029682E-14
  1.067502E-14
  7.604679E-15
  8.128944E-15
  8.598113E-15
  1.084855E-14
  1.246226E-14
  1.079349E-14
  1.159881E-14
  1.017952E-14
  1.054101E-14
  1.209890E-14
  1.348761E-14
  9.933910E-15
  8.125705E-15
  8.703506E-15
  8.956251E-15
  8.200685E-15
  9.137675E-15
  9.629128E-15
  6.648434E-15
  9.536632E-15
  1.012856E-14
  7.405470E-15
  6.115471E-15
  5.994573E-15
  6.003390E-15
  8.141601E-15
  9.633177E-15
  7.592142E-15
  7.616676E-15
  1.027870E-14
  1.049627E-14
  8.069889E-15
  7.605698E-15
  8.617398E-15
  7.956368E-15
  7.643699E-15
  7.672731E-15
  6.779921E-15
  8.263879E-15
  8.691059E-15
  9.146462E-15
  9.928061E-15
  7.117274E-15
  9.047758E-15
  9.999263E-15
  9.513718E-15
  1.060004E-14
  7.826682E-15
  6.590759E-15
  7.212110E-15
  7.687008E-15
  7.551472E-15
  7.760699E-15
  7.430543E-15
  9.401157E-15
  8.225309E-15
  6.397219E-15
  6.620332E-15
  7.697175E-15
  1.031781E-14
  7.794950E-15
  7.142258E-15
  9.240428E-15
  7.928625E-15
  8.704706E-15
  9.482286E-15
  1.156528E-14
  1.091169E-14
  7.831960E-15
  9.772012E-15
  8.611820E-15
  7.341106E-15
  9.517737E-15
  7.510353E-15
  8.457539E-15
  9.346451E-15
  9.356438E-15
  9.959613E-15
  7.613556E-15
  7.748642E-15
  7.381476E-15
  6.979189E-15
  8.275906E-15
  7.592832E-15
  9.178734E-15
  8.110049E-15
  6.072223E-15
  6.568625E-15
  9.089417E-15
  7.387864E-15
  6.709409E-15
  7.574926E-15
  6.983568E-15
  5.488813E-15
  7.184757E-15
  6.753108E-15
  6.467401E-15
  8.138092E-15
  6.003120E-15
  6.597448E-15
  6.877126E-15
  8.095443E-15
  7.217268E-15
  6.900340E-15
  7.319452E-15
  8.894947E-15
  8.922030E-15
  7.761388E-15
  7.080383E-15
  7.287330E-15
  6.896261E-15
  8.657348E-15
  1.111510E-14
  8.030029E-15
  6.929192E-15
  8.837602E-15
  9.874675E-15
  8.331962E-15
  8.663377E-15
  7.865192E-15
  8.372931E-15
  9.955294E-15
  8.806800E-15
  8.639893E-15
  8.843420E-15
  8.328813E-15
  1.025849E-14
  8.079547E-15
  9.339973E-15
  9.897109E-15
  8.967828E-15
  1.009428E-14
  9.991105E-15
  7.442600E-15
  8.263039E-15
  8.421999E-15
  9.798015E-15
  1.031076E-14
  1.215001E-14
  1.143847E-14
  1.124778E-14
  1.146757E-14
  1.042185E-14
  1.156273E-14
  1.144378E-14
  1.167484E-14
  1.238029E-14
  9.672077E-15
  1.127442E-14
  1.077489E-14
  1.025618E-14
  1.128188E-14
  1.029439E-14
  7.404060E-15
  7.049671E-15
  8.780526E-15
  1.074277E-14
  1.302075E-14
  1.151888E-14
  9.297114E-15
  8.186559E-15
  7.505944E-15
  8.192917E-15
  8.491311E-15
  7.541305E-15
  6.857331E-15
  5.765132E-15
  6.094477E-15
  7.365610E-15
  8.918701E-15
  1.206426E-14
  9.889551E-15
  6.749299E-15
  7.365640E-15
  8.742736E-15
  8.875662E-15
  7.389604E-15
  5.322805E-15
  8.075048E-15
  9.046408E-15
  6.562716E-15
  7.130321E-15
  8.995241E-15
  1.055601E-14
  7.178548E-15
  8.482163E-15
  1.040365E-14
  9.400647E-15
  9.116590E-15
  7.361981E-15
  4.584305E-15
  4.257869E-15
  3.965144E-15
  5.346349E-15
  5.391608E-15
  6.026274E-15
  6.235171E-15
  6.725575E-15
  1.000565E-14
  7.573337E-15
  7.316063E-15
  1.096385E-14
  1.114884E-14
  7.458826E-15
  6.089438E-15
  5.484854E-15
  7.577686E-15
  8.157347E-15
  8.234757E-15
  8.430546E-15
  7.284241E-15
  5.411582E-15
  4.596752E-15
  5.276437E-15
  5.860297E-15
  7.103837E-15
  8.295521E-15
  7.213579E-15
  8.588336E-15
  9.430759E-15
  7.237843E-15
  5.390918E-15
  6.423582E-15
  7.129631E-15
  8.789314E-15
  8.415250E-15
  7.121083E-15
  7.274823E-15
  6.255835E-15
  6.473249E-15
  6.643426E-15
  5.501469E-15
  5.887560E-15
  6.231092E-15
  4.193416E-15
  5.024982E-15
  5.928829E-15
  5.095614E-15
  4.427235E-15
  3.919796E-15
  4.757630E-15
  5.577110E-15
  5.993943E-15
  7.460026E-15
  7.831570E-15
  8.241925E-15
  8.732149E-15
  9.210706E-15
  8.710105E-15
  8.469596E-15
  8.177771E-15
  7.909100E-15
  7.466144E-15
  7.351844E-15
  8.414381E-15
  7.384985E-15
  6.554709E-15
  6.650234E-15
  6.922234E-15
  5.815279E-15
  3.864880E-15
  5.940346E-15
  6.634458E-15
  6.292396E-15
  5.137213E-15
  4.226677E-15
  5.880122E-15
  6.552099E-15
  4.486650E-15
  4.106018E-15
  4.902913E-15
  4.829462E-15
  5.285675E-15
  4.027918E-15
  2.589608E-15
  4.128002E-15
  5.230849E-15
  6.503482E-15
  7.152155E-15
  5.571291E-15
  4.995469E-15
  6.120060E-15
  6.465422E-15
  6.755117E-15
  7.303136E-15
  6.543132E-15
  4.525190E-15
  5.565263E-15
  6.731633E-15
  6.033652E-15
  5.715164E-15
  7.178008E-15
  7.207041E-15
  7.136319E-15
  6.602816E-15
  6.149063E-15
  5.337471E-15
  4.854326E-15
  5.208984E-15
  6.542172E-15
  8.545057E-15
  9.232900E-15
  7.562989E-15
  5.350758E-15
  5.005487E-15
  6.175216E-15
  6.402528E-15
  7.050721E-15
  6.889213E-15
  7.455167E-15
  7.868521E-15
  7.132030E-15
  7.225066E-15
  6.909577E-15
  6.506961E-15
  5.530952E-15
  5.219362E-15
  4.464186E-15
  3.918056E-15
  4.933295E-15
  6.485996E-15
  6.525196E-15
  7.142917E-15
  7.678850E-15
  7.100988E-15
  6.757726E-15
  6.668259E-15
  6.455764E-15
  6.119310E-15
  5.699868E-15
  5.528882E-15
  5.446253E-15
  5.209404E-15
  5.443914E-15
  5.504229E-15
  5.429608E-15
  5.611721E-15
  5.599304E-15
  5.666547E-15
  5.634665E-15
  5.625877E-15
  5.629236E-15
  5.804511E-15
  5.795724E-15
  5.667117E-15
  5.830395E-15
  5.184541E-15
  4.652837E-15
  5.195998E-15
  5.681483E-15
  5.913503E-15
  6.643246E-15
  6.145824E-15
  5.637214E-15
  6.527895E-15
  6.932341E-15
  7.482880E-15
  7.371129E-15
  6.333545E-15
  6.623811E-15
  7.989390E-15
  7.546464E-15
  5.975018E-15
  5.582958E-15
  5.874783E-15
  5.750885E-15
  6.003150E-15
  6.526096E-15
  6.548200E-15
  6.239610E-15
  6.443377E-15
  6.219665E-15
  6.205748E-15
  6.777281E-15
  6.568955E-15
  6.344343E-15
  5.929249E-15
  5.615410E-15
  5.596995E-15
  5.849650E-15
  5.702898E-15
  5.113069E-15
  5.095104E-15
  5.602873E-15
  5.849530E-15
  5.915543E-15
  6.111423E-15
  6.300194E-15
  6.376974E-15
  5.726621E-15
  5.555245E-15
  5.837083E-15
  5.813089E-15
  5.565443E-15
  5.803432E-15
  5.725662E-15
  5.656619E-15
  5.922021E-15
  6.183914E-15
  6.538813E-15
  6.425412E-15
  5.961341E-15
  5.643183E-15
  5.508547E-15
  5.181991E-15
  4.998978E-15
  5.332283E-15
  5.537130E-15
  6.038331E-15
  6.583261E-15
  7.371039E-15
  7.541575E-15
  7.018899E-15
  7.037225E-15
  6.530445E-15
  5.558605E-15
  5.003897E-15
  4.693927E-15
  4.905283E-15
  5.344280E-15
  5.431617E-15
  5.612771E-15
  5.486353E-15
  4.848297E-15
  4.575037E-15
  4.686909E-15
  4.846408E-15
  4.337798E-15
  4.433684E-15
  4.742124E-15
  5.356816E-15
  5.548797E-15
  5.172874E-15
  5.655060E-15
  5.920881E-15
  5.177313E-15
  4.450060E-15
  4.037606E-15
  4.256309E-15
  4.980533E-15
  5.212734E-15
  5.162316E-15
  5.461879E-15
  5.707006E-15
  5.015294E-15
  4.263178E-15
  4.275804E-15
  4.881949E-15
  5.084726E-15
  4.929186E-15
  5.400245E-15
  5.525583E-15
  5.501679E-15
  5.599244E-15
  5.312398E-15
  5.042167E-15
  5.042257E-15
  5.028071E-15
  4.866113E-15
  4.704274E-15
  4.613248E-15
  5.208595E-15
  5.655300E-15
  5.701428E-15
  5.587127E-15
  5.881921E-15
  1.341277E-20
  1.341277E-20
  1.341277E-20
  1.341277E-20
  1.341277E-20
  1.341277E-20
  1.341277E-20
  1.341277E-20
  1.341277E-20
  1.341277E-20
  1.341277E-20
  1.341277E-20
  1.341277E-20
  1.341277E-20
  1.341277E-20
  1.341277E-20
  1.341277E-20
  1.341277E-20
  1.341277E-20
  1.341277E-20
  1.341277E-20
  1.341277E-20
  1.341277E-20
  1.341277E-20
  1.341277E-20
  1.341277E-20
  1.341277E-20
  1.341277E-20
  1.341277E-20
  1.341277E-20
  1.341277E-20
  1.341277E-20
  1.341277E-20
  1.341277E-20
  1.341277E-20
  1.341277E-20
  1.341277E-20
  1.341277E-20
  1.341277E-20
  1.341277E-20
  1.341277E-20
  1.341277E-20
  1.341277E-20
  1.341277E-20
  1.341277E-20
  1.341277E-20
  1.341277E-20
  1.341277E-20
  1.341277E-20
  1.341277E-20
  1.341277E-20
  1.341277E-20
  1.341277E-20
  1.341277E-20
  1.341277E-20
  1.341277E-20
  1.341277E-20
  1.341277E-20
  1.341277E-20
  1.341277E-20
  1.341277E-20
  1.341277E-20
  1.341277E-20
  1.341277E-20
  1.341277E-20
  1.341277E-20
  1.341277E-20
  1.341277E-20
  1.341277E-20
  1.341277E-20
  1.341277E-20
  1.341277E-20
  1.341277E-20
  1.341277E-20
  1.341277E-20
  1.341277E-20
  1.341277E-20
  1.341277E-20
  1.341277E-20
  1.341277E-20
  1.341277E-20
  1.341277E-20
  1.341277E-20
  1.341277E-20
  1.341277E-20
  1.341277E-20
  1.341277E-20
  1.341277E-20
  1.341277E-20
  1.341277E-20
  1.341277E-20
  1.341277E-20
  1.341277E-20
  1.341277E-20
  1.341277E-20
  1.341277E-20
  1.341277E-20
  1.341277E-20
  1.341277E-20
  1.341277E-20
  1.341277E-20
  1.341277E-20
  1.341277E-20
  1.341277E-20
  1.341277E-20
  1.341277E-20
  1.341277E-20
  1.341277E-20
  1.341277E-20
  1.341277E-20
  1.341277E-20
  1.341277E-20
  1.341277E-20
  1.341277E-20
  1.341277E-20
  1.341277E-20
  1.341277E-20
  1.341277E-20
  1.341277E-20
  1.341277E-20
  1.341277E-20
  1.341277E-20
  1.341277E-20
  1.341277E-20
  1.341277E-20
  1.341277E-20
  1.341277E-20
  1.341277E-20
  1.341277E-20
  1.341277E-20
  1.341277E-20
  1.341277E-20
  1.341277E-20
  1.341277E-20
  1.341277E-20
  1.341277E-20
  1.341277E-20
  1.341277E-20
  1.341277E-20
  1.341277E-20
  1.341277E-20
  1.341277E-20
  1.341277E-20
  1.341277E-20
  1.341277E-20
  1.341277E-20
  1.341277E-20
  1.341277E-20
  1.341277E-20
  1.341277E-20
  1.341277E-20
  1.341277E-20
  1.341277E-20
  1.341277E-20
  1.341277E-20
  1.341277E-20
  1.341277E-20
  1.341277E-20
  1.341277E-20
  1.341277E-20
  1.341277E-20
  1.341277E-20
  1.341277E-20
  1.341277E-20
  1.341277E-20
  1.341277E-20
  1.341277E-20
  1.341277E-20
  1.341277E-20
  1.341277E-20
  1.341277E-20
  1.341277E-20
  1.341277E-20
  1.341277E-20
  1.341277E-20
  1.341277E-20
  1.341277E-20
  1.341277E-20
  1.341277E-20
  1.341277E-20
  1.341277E-20
  1.341277E-20
  1.341277E-20
  1.341277E-20
  1.341277E-20
  1.341277E-20
  1.341277E-20
  1.341277E-20
  1.341277E-20
  1.341277E-20
  1.341277E-20
  1.341277E-20
  1.341277E-20
  1.341277E-20
  1.341277E-20
  1.341277E-20
  1.341277E-20
  1.341277E-20
  1.341277E-20
  1.341277E-20
  1.341277E-20
  1.341277E-20
  1.341277E-20
  1.341277E-20
  1.341277E-20
  1.341277E-20
  1.341277E-20
  1.341277E-20
  1.341277E-20
  1.341277E-20
  1.341277E-20
  1.341277E-20
  1.341277E-20
  1.341277E-20
  1.341277E-20
  1.341277E-20
  1.341277E-20
  1.341277E-20
  1.341277E-20
  1.341277E-20
  1.341277E-20
  1.341277E-20
  1.341277E-20
  1.341277E-20
  1.341277E-20
  1.341277E-20
  1.341277E-20
  1.341277E-20
  1.341277E-20
  1.341277E-20
  1.341277E-20
  1.341277E-20
  1.341277E-20
  1.341277E-20
  1.341277E-20
  1.341277E-20
  1.341277E-20
  1.341277E-20
  1.341277E-20
  1.341277E-20
  1.341277E-20
  1.341277E-20
  1.341277E-20
  1.341277E-20
  1.341277E-20
  1.341277E-20
  1.341277E-20
  1.341277E-20
  1.341277E-20
  1.341277E-20
  1.341277E-20
  1.341277E-20
  1.341277E-20
  1.341277E-20
  1.341277E-20
  1.341277E-20
  1.341277E-20
  1.341277E-20
  1.341277E-20
  1.341277E-20
  1.341277E-20
  1.341277E-20
  1.341277E-20
  1.341277E-20
  1.341277E-20
  1.341277E-20
  1.341277E-20
  1.341277E-20
  1.341277E-20
  1.341277E-20
  1.341277E-20
  1.341277E-20
  1.341277E-20
  1.341277E-20
  1.341277E-20
  1.341277E-20
  1.341277E-20
  1.341277E-20
  1.341277E-20
  1.341277E-20
  1.341277E-20
  1.341277E-20
  1.341277E-20
  1.341277E-20
  1.341277E-20
  1.341277E-20
  1.341277E-20
  1.341277E-20
  1.341277E-20
  1.341277E-20
  1.341277E-20
  1.341277E-20
  1.341277E-20
  1.341277E-20
  1.341277E-20
  1.341277E-20
  1.341277E-20
  1.341277E-20
  1.341277E-20
  1.341277E-20
  1.341277E-20
  1.341277E-20
  1.341277E-20
  1.341277E-20
  1.341277E-20
  1.341277E-20
  1.341277E-20
  1.341277E-20
  1.341277E-20
  1.341277E-20
  1.341277E-20
  1.341277E-20
  1.341277E-20
  1.341277E-20
  1.341277E-20
  1.341277E-20
  1.341277E-20
  1.341277E-20
  1.341277E-20
  1.341277E-20
  1.341277E-20
  1.341277E-20
  1.341277E-20
  1.341277E-20
  1.341277E-20
  1.341277E-20
  1.341277E-20
  1.341277E-20
  1.341277E-20
  1.341277E-20
  1.341277E-20
  1.341277E-20
  1.341277E-20
  1.341277E-20
  1.341277E-20
  1.341277E-20
  1.341277E-20
  1.341277E-20
  1.341277E-20
  1.341277E-20
  1.341277E-20
  1.341277E-20
  1.341277E-20
  1.341277E-20
  1.341277E-20
  1.341277E-20
  1.341277E-20
  1.341277E-20
  1.341277E-20
  1.341277E-20
  1.341277E-20
  1.341277E-20
  1.341277E-20
  1.341277E-20
  1.341277E-20
  1.341277E-20
  1.341277E-20
  1.341277E-20
  1.341277E-20
  1.341277E-20
  1.341277E-20
  1.341277E-20
  1.341277E-20
  1.341277E-20
  1.341277E-20
  1.341277E-20
  1.341277E-20
  1.341277E-20
  1.341277E-20
  1.341277E-20
  1.341277E-20
  1.341277E-20
  1.341277E-20
  1.341277E-20
  1.341277E-20
  1.341277E-20
  1.341277E-20
  1.341277E-20
  1.341277E-20
  1.341277E-20
  1.341277E-20
  1.341277E-20
  1.341277E-20
  1.341277E-20
  1.341277E-20
  1.341277E-20
  1.341277E-20
  1.341277E-20
  1.341277E-20
  1.341277E-20
  1.341277E-20
  1.341277E-20
  1.341277E-20
  1.341277E-20
  1.341277E-20
  1.341277E-20
  1.341277E-20
  1.341277E-20
  1.341277E-20
  1.341277E-20
  1.341277E-20
  1.341277E-20
  1.341277E-20
  1.341277E-20
  1.341277E-20
  1.341277E-20
  1.341277E-20
  1.341277E-20
  1.341277E-20
  1.341277E-20
  1.341277E-20
  1.341277E-20
  1.341277E-20
  1.341277E-20
  1.341277E-20
  1.341277E-20
  1.341277E-20
  1.341277E-20
  1.341277E-20
  1.341277E-20
  1.341277E-20
  1.341277E-20
  1.341277E-20
  1.341277E-20
  1.341277E-20
  1.341277E-20
  1.341277E-20
  1.341277E-20
  1.341277E-20
  1.341277E-20
  1.341277E-20
  1.341277E-20
  1.341277E-20
  1.341277E-20
  1.341277E-20
  1.341277E-20
  1.341277E-20
  1.341277E-20
  1.341277E-20
  1.341277E-20
  1.341277E-20
  1.341277E-20
  1.341277E-20
  1.341277E-20
  1.341277E-20
  1.341277E-20
  1.341277E-20
  1.341277E-20
  1.341277E-20
  1.341277E-20
  1.341277E-20
  1.341277E-20
  1.341277E-20
  1.341277E-20
  1.341277E-20
  1.341277E-20
  1.341277E-20
  1.341277E-20
  1.341277E-20
  1.341277E-20
  1.341277E-20
  1.341277E-20
  1.341277E-20
  1.341277E-20
  1.341277E-20
  1.341277E-20
  1.341277E-20
  1.341277E-20
  1.341277E-20
  1.341277E-20
  1.341277E-20
  1.341277E-20
  1.341277E-20
  1.341277E-20
  1.341277E-20
  1.341277E-20
  1.341277E-20
  1.341277E-20
  1.341277E-20
  1.341277E-20
  1.341277E-20
  1.341277E-20
  1.341277E-20
  1.341277E-20
  1.341277E-20
  1.341277E-20
  1.341277E-20
  1.341277E-20
  1.341277E-20
  1.341277E-20
  1.341277E-20
  1.341277E-20
  1.341277E-20
  1.341277E-20
  1.341277E-20
  1.341277E-20
  1.341277E-20
  1.341277E-20
  1.341277E-20
  1.341277E-20
  1.341277E-20
  1.341277E-20
  1.341277E-20
  1.341277E-20
  1.341277E-20
  1.341277E-20
  1.341277E-20
  1.341277E-20
  1.341277E-20
  1.341277E-20
  1.341277E-20
  1.341277E-20
  1.341277E-20
  1.341277E-20
  1.341277E-20
  1.341277E-20
  1.341277E-20
  1.341277E-20
  1.341277E-20
  1.341277E-20
  1.341277E-20
  1.341277E-20
  1.341277E-20
  1.341277E-20
  1.341277E-20
  1.341277E-20
  1.341277E-20
  1.341277E-20
  1.341277E-20
  1.341277E-20
  1.341277E-20
  1.341277E-20
  1.341277E-20
  1.341277E-20
  1.341277E-20
  1.341277E-20
  1.341277E-20
  1.341277E-20
  1.341277E-20
  1.341277E-20
  1.341277E-20
  1.341277E-20
  1.341277E-20
  1.341277E-20
  1.341277E-20
  1.341277E-20
  1.341277E-20
  1.341277E-20
  1.341277E-20
  1.341277E-20
  1.341277E-20
  1.341277E-20
  1.341277E-20
  1.341277E-20
  1.341277E-20
  1.341277E-20
  1.341277E-20
  1.341277E-20
  1.341277E-20
  1.341277E-20
  1.341277E-20
  1.341277E-20
  1.341277E-20
  1.341277E-20
  1.341277E-20
  1.341277E-20
  1.341277E-20
  1.341277E-20
  1.341277E-20
  1.341277E-20
  1.341277E-20
  1.341277E-20
  1.341277E-20
  1.341277E-20
  1.341277E-20
  1.341277E-20
  1.341277E-20
  1.341277E-20
  1.341277E-20
  1.341277E-20
  1.341277E-20
  1.341277E-20
  1.341277E-20
  1.341277E-20
  1.341277E-20
  1.341277E-20
  1.341277E-20
  1.341277E-20
  1.341277E-20
  1.341277E-20
  1.341277E-20
  1.341277E-20
  1.341277E-20
  1.341277E-20
  1.341277E-20
  1.341277E-20
  1.341277E-20
  1.341277E-20
  1.341277E-20
  1.341277E-20
  1.341277E-20
  1.341277E-20
  1.341277E-20
  1.341277E-20
  1.341277E-20
  1.341277E-20
  1.341277E-20
  1.341277E-20
  1.341277E-20
  1.341277E-20
  1.341277E-20
  1.341277E-20
  1.341277E-20
  1.341277E-20
  1.341277E-20
  1.341277E-20
  1.341277E-20
  1.341277E-20
  1.341277E-20
  1.341277E-20
  1.341277E-20
  1.341277E-20
  1.341277E-20
  1.341277E-20
  1.341277E-20
  1.341277E-20
  1.341277E-20
  1.341277E-20
  1.341277E-20
  1.341277E-20
  1.341277E-20
  1.341277E-20
  1.341277E-20
  1.341277E-20
  1.341277E-20
  1.341277E-20
  1.341277E-20
  1.341277E-20
  1.341277E-20
  1.341277E-20
  1.341277E-20
  1.341277E-20
  1.341277E-20
  1.341277E-20
  1.341277E-20
  1.341277E-20
  1.341277E-20
  1.341277E-20
  1.341277E-20
  1.341277E-20
  1.341277E-20
  1.341277E-20
  1.341277E-20
  1.341277E-20
  1.341277E-20
  1.341277E-20
  1.341277E-20
  1.341277E-20
  1.341277E-20
  1.341277E-20
  1.341277E-20
  1.341277E-20
  1.341277E-20
  1.341277E-20
  1.341277E-20
  1.341277E-20
  1.341277E-20
  1.341277E-20
  1.341277E-20
  1.341277E-20
  1.341277E-20
  1.341277E-20
  1.341277E-20
  1.341277E-20
  1.341277E-20
  1.341277E-20
  1.341277E-20
  1.341277E-20
  1.341277E-20
  1.341277E-20
  1.341277E-20
  1.341277E-20
  1.341277E-20
  1.341277E-20
  1.341277E-20
  1.341277E-20
  1.341277E-20
  1.341277E-20
  1.341277E-20
  1.341277E-20
  1.341277E-20
  1.341277E-20
  1.341277E-20
  1.341277E-20
  1.341277E-20
  1.341277E-20
  1.341277E-20
  1.341277E-20
  1.341277E-20
  1.341277E-20
  1.341277E-20
  1.341277E-20
  1.341277E-20
  1.341277E-20
  1.341277E-20
  1.341277E-20
  1.341277E-20
  1.341277E-20
  1.341277E-20
  1.341277E-20
  1.341277E-20
  1.341277E-20
  1.341277E-20
  1.341277E-20
  1.341277E-20
  1.341277E-20
  1.341277E-20
  1.341277E-20
  1.341277E-20
  1.341277E-20
  1.341277E-20
  1.341277E-20
  1.341277E-20
  1.341277E-20
  1.341277E-20
  1.341277E-20
  1.341277E-20
  1.341277E-20
  1.341277E-20
  1.341277E-20
  1.341277E-20
  1.341277E-20
  1.341277E-20
  1.341277E-20
  1.341277E-20
  1.341277E-20
  1.341277E-20
  1.341277E-20
  1.341277E-20
  1.341277E-20
  1.341277E-20
  1.341277E-20
  1.341277E-20
  1.341277E-20
  1.341277E-20
  1.341277E-20
  1.341277E-20
  1.341277E-20
  1.341277E-20
  1.341277E-20
  1.341277E-20
  1.341277E-20
  1.341277E-20
  1.341277E-20
  1.341277E-20
  1.341277E-20
  1.341277E-20
  1.341277E-20
  1.341277E-20
  1.341277E-20
  1.341277E-20
  1.341277E-20
  1.341277E-20
  1.341277E-20
  1.341277E-20
  1.341277E-20
  1.341277E-20
  1.341277E-20
  1.341277E-20
  1.341277E-20
  1.341277E-20
  1.341277E-20
  1.341277E-20
  1.341277E-20
  1.341277E-20
  1.341277E-20
  1.341277E-20
  1.341277E-20
  1.341277E-20
  1.341277E-20
  1.341277E-20
  1.341277E-20
  1.341277E-20
  1.341277E-20
  1.341277E-20
  1.341277E-20
  1.341277E-20
  1.341277E-20
  1.341277E-20
  1.341277E-20
  1.341277E-20
  1.341277E-20
  1.341277E-20
  1.341277E-20
  1.341277E-20
  1.341277E-20
  1.341277E-20
  1.341277E-20
  1.341277E-20
  1.341277E-20
  1.341277E-20
  1.341277E-20
  1.341277E-20
  1.341277E-20
  1.341277E-20
  1.341277E-20
  1.341277E-20
  1.341277E-20
  1.341277E-20
  1.341277E-20
  1.341277E-20
  1.341277E-20
  1.341277E-20
  1.341277E-20
  1.341277E-20
  3.023506E-15
  3.510521E-15
  4.012592E-15
  4.391875E-15
  4.565800E-15
  4.570749E-15
  4.412239E-15
  4.121794E-15
  3.829009E-15
  3.644257E-15
  3.703761E-15
  3.816952E-15
  3.887524E-15
  3.726196E-15
  3.499844E-15
  3.278501E-15
  3.191373E-15
  3.199471E-15
  3.290708E-15
  3.429572E-15
  3.633789E-15
  3.911458E-15
  4.288851E-15
  4.698936E-15
  5.050685E-15
  5.250914E-15
  5.271548E-15
  5.140212E-15
  4.869262E-15
  4.506685E-15
  4.146867E-15
  3.882815E-15
  3.783031E-15
  3.797277E-15
  3.896342E-15
  4.033617E-15
  4.239124E-15
  4.509774E-15
  4.879369E-15
  5.205895E-15
  5.407443E-15
  5.348659E-15
  5.122757E-15
  4.793891E-15
  4.421627E-15
  4.108687E-15
  3.943580E-15
  4.066998E-15
  4.388305E-15
  4.759970E-15
  5.029661E-15
  5.129565E-15
  5.058663E-15
  4.775956E-15
  4.337948E-15
  3.924445E-15
  3.710030E-15
  3.796408E-15
  4.003414E-15
  4.214350E-15
  4.296859E-15
  4.332400E-15
  4.341427E-15
  4.376428E-15
  4.379938E-15
  4.335279E-15
  4.198034E-15
  4.034066E-15
  3.885935E-15
  3.801476E-15
  3.803366E-15
  3.905460E-15
  4.143658E-15
  4.448350E-15
  4.731987E-15
  4.901264E-15
  4.922828E-15
  4.804239E-15
  4.533138E-15
  4.158894E-15
  3.796408E-15
  3.555060E-15
  3.501523E-15
  3.575784E-15
  3.748660E-15
  3.979331E-15
  4.166033E-15
  4.226167E-15
  4.036166E-15
  3.790529E-15
  3.592550E-15
  3.638168E-15
  3.800876E-15
  4.028458E-15
  4.238704E-15
  4.408010E-15
  4.509654E-15
  4.497387E-15
  4.407680E-15
  4.289091E-15
  4.201154E-15
  4.157425E-15
  4.148907E-15
  4.173501E-15
  4.221728E-15
  4.278894E-15
  4.322832E-15
  4.343317E-15
  4.361882E-15
  4.399822E-15
  4.471744E-15
  4.476123E-15
  4.348506E-15
  3.992017E-15
  3.615014E-15
  3.332637E-15
  3.347393E-15
  3.524707E-15
  3.807265E-15
  4.120534E-15
  4.390045E-15
  4.549874E-15
  4.481102E-15
  4.280723E-15
  4.060280E-15
  3.964244E-15
  3.990968E-15
  4.082264E-15
  4.196205E-15
  4.292840E-15
  4.341098E-15
  4.291460E-15
  4.143118E-15
  3.987368E-15
  3.900271E-15
  3.940521E-15
  4.031577E-15
  4.130042E-15
  4.177610E-15
  4.205502E-15
  4.217349E-15
  4.243863E-15
  4.227577E-15
  4.145398E-15
  3.926784E-15
  3.677458E-15
  3.467812E-15
  3.426603E-15
  3.474020E-15
  3.531186E-15
  3.478729E-15
  3.361489E-15
  3.267583E-15
  3.290678E-15
  3.433141E-15
  3.626561E-15
  3.822381E-15
  3.976991E-15
  4.064059E-15
  4.045913E-15
  3.911068E-15
  3.753579E-15
  3.643957E-15
  3.659883E-15
  3.737173E-15
  3.847095E-15
  3.946519E-15
  4.025339E-15
  4.066578E-15
  4.037366E-15
  3.978191E-15
  3.915927E-15
  3.897871E-15
  3.904350E-15
  3.917726E-15
  3.911188E-15
  3.891843E-15
  3.872648E-15
  3.873098E-15
  3.881916E-15
  3.870848E-15
  3.805825E-15
  3.692154E-15
  3.589731E-15
  3.553740E-15
  3.612075E-15
  3.684446E-15
  3.713569E-15
  3.637238E-15
  3.565227E-15
  3.555060E-15
  3.717588E-15
  3.887434E-15
  3.986289E-15
  3.840016E-15
  3.611475E-15
  3.383774E-15
  3.319800E-15
  3.329338E-15
  3.345533E-15
  3.254717E-15
  3.120921E-15
  3.030584E-15
  3.086820E-15
  3.273882E-15
  3.512531E-15
  3.730035E-15
  3.891813E-15
  4.014512E-15
  4.100110E-15
  4.153046E-15
  4.173951E-15
  4.171941E-15
  4.157125E-15
  4.095371E-15
  3.968323E-15
  3.733244E-15
  3.516190E-15
  3.385603E-15
  3.477859E-15
  3.663992E-15
  3.876727E-15
  4.011992E-15
  4.066158E-15
  4.030887E-15
  3.891963E-15
  3.681837E-15
  3.443488E-15
  3.219176E-15
  3.050799E-15
  2.973839E-15
  3.036553E-15
  3.224155E-15
  3.460044E-15
  3.671310E-15
  3.811524E-15
  3.906779E-15
  3.966344E-15
  4.003174E-15
  4.005004E-15
  3.971533E-15
  3.903660E-15
  3.812333E-15
  3.708740E-15
  3.588471E-15
  3.502363E-15
  3.477799E-15
  3.577884E-15
  3.722087E-15
  3.849884E-15
  3.877477E-15
  3.814223E-15
  3.680967E-15
  3.487547E-15
  3.279700E-15
  3.112373E-15
  3.056708E-15
  3.112583E-15
  3.218486E-15
  3.318900E-15
  3.382904E-15
  3.436110E-15
  3.485777E-15
  3.541713E-15
  3.616364E-15
  3.724306E-15
  3.890193E-15
  4.020510E-15
  4.063849E-15
  3.906179E-15
  3.709850E-15
  3.556979E-15
  3.608176E-15
  3.756908E-15
  3.940760E-15
  4.054281E-15
  4.122784E-15
  4.169332E-15
  4.237414E-15
  4.292240E-15
  4.284772E-15
  4.147857E-15
  3.918206E-15
  3.704661E-15
  3.615344E-15
  3.683906E-15
  3.817402E-15
  3.949128E-15
  4.022669E-15
  4.065318E-15
  4.080165E-15
  4.075366E-15
  4.059560E-15
  4.043154E-15
  4.047173E-15
  4.044174E-15
  4.022309E-15
  3.950268E-15
  3.865420E-15
  3.789839E-15
  3.760177E-15
  3.760027E-15
  3.773613E-15
  3.783931E-15
  3.782161E-15
  3.762756E-15
  3.710150E-15
  3.637628E-15
  3.573655E-15
  3.557549E-15
  3.583372E-15
  3.583942E-15
  3.498104E-15
  3.300425E-15
  3.097887E-15
  2.965381E-15
  2.979598E-15
  3.064446E-15
  3.183425E-15
  3.279700E-15
  3.370907E-15
  3.453926E-15
  3.521108E-15
  3.591170E-15
  3.674189E-15
  3.804625E-15
  3.930053E-15
  4.007673E-15
  3.980230E-15
  3.864040E-15
  3.691585E-15
  3.485298E-15
  3.443428E-15
  3.269143E-15
  3.590690E-15
  4.209551E-15
  4.622575E-15
  4.507375E-15
  3.891393E-15
  3.841366E-15
  4.300728E-15
  4.293560E-15
  4.317704E-15
  4.210601E-15
  2.991594E-15
  1.727059E-15
  1.479023E-15
  2.376872E-15
  3.512021E-15
  3.830419E-15
  3.317851E-15
  2.593147E-15
  2.535232E-15
  2.688102E-15
  2.998433E-15
  3.869979E-15
  4.573658E-15
  4.587394E-15
  3.983739E-15
  3.586462E-15
  3.935752E-15
  4.174430E-15
  3.835158E-15
  2.974229E-15
  3.234652E-15
  4.558152E-15
  5.375142E-15
  5.338401E-15
  4.530289E-15
  3.467932E-15
  2.796225E-15
  2.779939E-15
  2.788187E-15
  3.099357E-15
  4.016761E-15
  4.274335E-15
  3.819202E-15
  3.480199E-15
  3.389922E-15
  3.533975E-15
  3.724396E-15
  3.964274E-15
  4.150407E-15
  3.923215E-15
  3.726975E-15
  3.977501E-15
  4.125873E-15
  3.990998E-15
  3.724516E-15
  4.009353E-15
  5.039648E-15
  6.506871E-15
  9.010507E-15
  1.290063E-14
  1.799698E-14
  2.276503E-14
  2.541092E-14
  2.457849E-14
  2.109431E-14
  1.676468E-14
  1.206846E-14
  7.878808E-15
  5.169845E-15
  4.145128E-15
  4.303967E-15
  4.530349E-15
  4.380867E-15
  3.959296E-15
  4.072936E-15
  4.197255E-15
  3.673709E-15
  3.320370E-15
  3.286959E-15
  3.287198E-15
  3.449097E-15
  3.629590E-15
  3.429992E-15
  3.793978E-15
  4.858645E-15
  5.224760E-15
  4.713512E-15
  3.765186E-15
  3.262455E-15
  3.367908E-15
  3.739632E-15
  3.913977E-15
  3.725116E-15
  3.344334E-15
  3.200611E-15
  3.575154E-15
  4.483021E-15
  5.084456E-15
  4.878799E-15
  4.575127E-15
  4.269236E-15
  3.821331E-15
  3.151483E-15
  2.715245E-15
  3.200941E-15
  3.949488E-15
  4.468835E-15
  4.629144E-15
  4.244043E-15
  3.532295E-15
  3.301295E-15
  3.581573E-15
  4.042044E-15
  4.229946E-15
  4.257359E-15
  4.487880E-15
  4.349915E-15
  3.921835E-15
  3.863050E-15
  4.209821E-15
  4.703464E-15
  4.782764E-15
  4.868842E-15
  5.304420E-15
  5.586647E-15
  5.366564E-15
  4.591923E-15
  4.011962E-15
  4.065108E-15
  4.795391E-15
  5.299201E-15
  5.135563E-15
  4.593993E-15
  3.953657E-15
  3.565197E-15
  3.849524E-15
  4.276374E-15
  4.198754E-15
  3.880536E-15
  3.689125E-15
  3.956836E-15
  4.394814E-15
  4.805498E-15
  5.168975E-15
  4.967876E-15
  4.321243E-15
  4.415029E-15
  4.614777E-15
  4.230606E-15
  4.025639E-15
  4.089762E-15
  4.196775E-15
  4.387916E-15
  4.720620E-15
  5.265610E-15
  5.753195E-15
  6.191532E-15
  6.986148E-15
  7.515632E-15
  7.279082E-15
  6.567305E-15
  5.685322E-15
  4.963498E-15
  4.862544E-15
  4.998709E-15
  4.529479E-15
  3.971323E-15
  3.733124E-15
  3.978791E-15
  4.207902E-15
  4.126833E-15
  4.034876E-15
  4.219779E-15
  4.671613E-15
  4.480982E-15
  3.915237E-15
  3.795748E-15
  3.764526E-15
  3.717258E-15
  3.801386E-15
  3.940730E-15
  4.047173E-15
  4.024619E-15
  4.219419E-15
  4.709283E-15
  4.637601E-15
  4.317224E-15
  4.432394E-15
  4.668373E-15
  4.933055E-15
  5.288644E-15
  5.658239E-15
  5.771880E-15
  5.179472E-15
  4.571318E-15
  4.504286E-15
  4.780845E-15
  5.062352E-15
  5.044357E-15
  4.749713E-15
  4.409330E-15
  4.308766E-15
  4.065648E-15
  3.732644E-15
  3.797787E-15
  4.100229E-15
  4.390495E-15
  4.440102E-15
  4.483411E-15
  4.701695E-15
  4.744644E-15
  4.444571E-15
  3.876757E-15
  3.845445E-15
  4.334919E-15
  4.622365E-15
  4.517782E-15
  4.076476E-15
  3.620563E-15
  3.419884E-15
  3.577554E-15
  3.915297E-15
  4.203973E-15
  4.306456E-15
  4.481731E-15
  4.743954E-15
  4.918239E-15
  4.643660E-15
  4.050112E-15
  3.789359E-15
  3.630310E-15
  3.426843E-15
  3.437700E-15
  3.723076E-15
  4.168792E-15
  4.390915E-15
  4.285612E-15
  3.995047E-15
  4.020060E-15
  4.380537E-15
  4.633582E-15
  4.741225E-15
  4.711232E-15
  4.567209E-15
  4.501766E-15
  4.697286E-15
  5.241586E-15
  5.732260E-15
  5.691231E-15
  5.301001E-15
  4.769717E-15
  4.299288E-15
  4.118465E-15
  4.298509E-15
  4.718221E-15
  5.177523E-15
  5.427778E-15
  5.162826E-15
  4.868962E-15
  5.029930E-15
  5.058873E-15
  4.885308E-15
  4.757541E-15
  4.724369E-15
  4.664924E-15
  4.319083E-15
  4.047323E-15
  4.182498E-15
  4.860234E-15
  5.427328E-15
  5.327244E-15
  4.885188E-15
  4.548554E-15
  4.650978E-15
  4.648758E-15
  4.486290E-15
  4.531519E-15
  4.885398E-15
  5.345329E-15
  5.376311E-15
  5.116338E-15
  4.885878E-15
  5.015414E-15
  5.139192E-15
  4.843768E-15
  4.781204E-15
  4.897125E-15
  4.695007E-15
  4.456778E-15
  4.266597E-15
  3.962325E-15
  3.937251E-15
  4.309096E-15
  4.587784E-15
  4.766418E-15
  4.883598E-15
  4.581246E-15
  4.082114E-15
  3.857952E-15
  3.812753E-15
  3.918866E-15
  4.212101E-15
  4.458037E-15
  4.531579E-15
  4.495198E-15
  4.589734E-15
  4.882248E-15
  4.941903E-15
  4.709643E-15
  4.330330E-15
  3.906839E-15
  3.667561E-15
  3.862421E-15
  4.216959E-15
  4.565740E-15
  4.958039E-15
  4.915180E-15
  4.387916E-15
  4.256639E-15
  4.480802E-15
  4.680160E-15
  4.656287E-15
  4.347906E-15
  3.868839E-15
  3.831589E-15
  4.229256E-15
  4.432424E-15
  4.448560E-15
  4.377418E-15
  4.322292E-15
  4.396853E-15
  4.647559E-15
  5.005367E-15
  5.223261E-15
  5.068381E-15
  4.756431E-15
  4.427085E-15
  4.133971E-15
  3.878167E-15
  3.788340E-15
  4.161924E-15
  4.442861E-15
  4.299948E-15
  4.292900E-15
  4.379488E-15
  4.324092E-15
  4.103649E-15
  3.902250E-15
  3.993667E-15
  4.283542E-15
  4.511754E-15
  4.323462E-15
  3.956117E-15
  3.770914E-15
  4.113186E-15
  4.563760E-15
  4.641380E-15
  4.499877E-15
  4.342597E-15
  4.339208E-15
  4.271305E-15
  4.088203E-15
  3.904800E-15
  3.955517E-15
  4.175810E-15
  4.098340E-15
  3.755378E-15
  3.441569E-15
  3.710030E-15
  4.234895E-15
  4.446880E-15
  4.646149E-15
  4.900844E-15
  5.095194E-15
  5.127166E-15
  4.964607E-15
  4.671823E-15
  4.396373E-15
  4.268276E-15
  4.347306E-15
  4.473154E-15
  4.469225E-15
  4.391305E-15
  4.302258E-15
  4.265247E-15
  4.367431E-15
  4.559082E-15
  4.664234E-15
  4.709013E-15
  4.663575E-15
  4.364252E-15
  4.127582E-15
  4.182978E-15
  4.185078E-15
  4.050472E-15
  3.877177E-15
  3.987758E-15
  4.275864E-15
  4.299348E-15
  4.306336E-15
  4.398803E-15
  4.436413E-15
  4.373279E-15
  4.259788E-15
  4.312575E-15
  4.391605E-15
  4.318693E-15
  4.352105E-15
  4.525430E-15
  4.706854E-15
  4.557492E-15
  4.248871E-15
  4.478132E-15
  4.501136E-15
  4.028608E-15
  3.908249E-15
  4.149117E-15
  4.447210E-15
  4.467155E-15
  4.174610E-15
  3.778322E-15
  3.721577E-15
  3.997836E-15
  4.180609E-15
  4.453389E-15
  4.770767E-15
  4.711382E-15
  4.607549E-15
  4.696176E-15
  4.523991E-15
  4.290830E-15
  4.385216E-15
  4.777785E-15
  5.164686E-15
  5.112109E-15
  4.903843E-15
  4.746293E-15
  4.673772E-15
  4.609709E-15
  4.473124E-15
  4.248301E-15
  4.013852E-15
  3.883355E-15
  3.957376E-15
  4.168222E-15
  4.348506E-15
  4.381767E-15
  4.292870E-15
  4.246952E-15
  4.005544E-15
  3.609945E-15
  3.570626E-15
  3.807535E-15
  4.085263E-15
  4.273885E-15
  4.348056E-15
  4.342627E-15
  4.151366E-15
  3.960915E-15
  4.144738E-15
  4.196385E-15
  3.971563E-15
  3.851773E-15
  4.022609E-15
  4.417698E-15
  4.576387E-15
  4.426756E-15
  4.134091E-15
  4.018201E-15
  4.124073E-15
  4.279853E-15
  4.198064E-15
  3.966494E-15
  4.060730E-15
  4.317374E-15
  4.586464E-15
  4.892776E-15
  5.506958E-15
  6.457024E-15
  6.933061E-15
  6.659412E-15
  5.804931E-15
  5.009236E-15
  4.498197E-15
  4.066128E-15
  3.696863E-15
  3.459024E-15
  3.543513E-15
  3.661682E-15
  3.619363E-15
  3.721517E-15
  3.935452E-15
  4.093481E-15
  4.151726E-15
  4.051462E-15
  3.765006E-15
  3.611925E-15
  3.746560E-15
  4.086253E-15
  4.400782E-15
  4.514393E-15
  4.431584E-15
  4.278744E-15
  4.204453E-15
  4.285702E-15
  4.350215E-15
  4.143238E-15
  3.824960E-15
  3.593450E-15
  3.627341E-15
  3.724066E-15
  3.694224E-15
  3.459864E-15
  3.430652E-15
  3.846015E-15
  4.169662E-15
  4.282673E-15
  4.280723E-15
  4.122154E-15
  3.952188E-15
  4.019520E-15
  4.171701E-15
  4.294819E-15
  4.379908E-15
  4.334109E-15
  4.136100E-15
  3.895442E-15
  3.830539E-15
  4.013042E-15
  3.839896E-15
  3.439649E-15
  3.378615E-15
  3.557309E-15
  3.803996E-15
  3.908729E-15
  3.998736E-15
  4.096570E-15
  3.964664E-15
  3.637628E-15
  3.287918E-15
  3.183575E-15
  3.338545E-15
  3.594110E-15
  3.718308E-15
  3.736363E-15
  3.898411E-15
  4.073266E-15
  4.191736E-15
  4.313235E-15
  4.436803E-15
  4.531909E-15
  4.538237E-15
  4.420727E-15
  4.192366E-15
  3.924505E-15
  3.846075E-15
  4.211471E-15
  4.443461E-15
  4.305677E-15
  4.041655E-15
  3.677068E-15
  3.334106E-15
  3.333507E-15
  3.500654E-15
  3.618943E-15
  3.972612E-15
  4.442112E-15
  4.701335E-15
  4.609439E-15
  4.331560E-15
  4.285432E-15
  4.269206E-15
  4.118585E-15
  3.849824E-15
  3.720737E-15
  3.893703E-15
  4.138830E-15
  4.213060E-15
  3.979990E-15
  3.731804E-15
  3.640388E-15
  3.736663E-15
  3.824990E-15
  3.892773E-15
  4.173771E-15
  4.497147E-15
  4.602390E-15
  4.218189E-15
  3.817822E-15
  3.933682E-15
  4.251841E-15
  4.411669E-15
  4.137240E-15
  3.842446E-15
  3.796528E-15
  4.028878E-15
  4.222898E-15
  4.200134E-15
  4.145548E-15
  3.992497E-15
  3.732104E-15
  3.686876E-15
  3.928314E-15
  4.337978E-15
  4.675901E-15
  4.762609E-15
  4.527650E-15
  4.194345E-15
  3.927744E-15
  3.736003E-15
  3.688375E-15
  3.796767E-15
  3.962535E-15
  4.044534E-15
  3.959086E-15
  3.884555E-15
  3.880926E-15
  3.902790E-15
  3.822501E-15
  3.642397E-15
  3.513610E-15
  3.581933E-15
  3.850694E-15
  4.104878E-15
  4.112016E-15
  3.824960E-15
  3.718608E-15
  3.868569E-15
  4.080075E-15
  4.160904E-15
  4.116695E-15
  4.149207E-15
  4.040035E-15
  3.706821E-15
  3.324449E-15
  3.128059E-15
  3.221845E-15
  3.365058E-15
  3.476510E-15
  3.571825E-15
  3.728145E-15
  3.852343E-15
  3.738223E-15
  3.473481E-15
  3.195122E-15
  3.056798E-15
  3.048580E-15
  3.155712E-15
  3.449457E-15
  3.786960E-15
  3.960405E-15
  3.813383E-15
  3.490966E-15
  3.305854E-15
  3.265994E-15
  3.350902E-15
  3.519129E-15
  3.715548E-15
  3.867699E-15
  3.882845E-15
  3.885455E-15
  4.009383E-15
  4.245902E-15
  4.335399E-15
  3.993787E-15
  3.388812E-15
  2.895469E-15
  2.970210E-15
  3.228354E-15
  3.380564E-15
  3.419674E-15
  3.451916E-15
  3.554850E-15
  3.630400E-15
  3.721007E-15
  3.871388E-15
  3.899941E-15
  3.781681E-15
  3.616814E-15
  3.545162E-15
  3.592400E-15
  3.649265E-15
  3.697793E-15
  3.771514E-15
  3.980350E-15
  4.089342E-15
  3.903570E-15
  3.702382E-15
  3.633819E-15
  3.712849E-15
  3.724906E-15
  3.568286E-15
  3.283569E-15
  3.215667E-15
  3.461184E-15
  3.696893E-15
  3.872018E-15
  4.034276E-15
  4.296799E-15
  4.507975E-15
  4.467215E-15
  4.345356E-15
  4.251541E-15
  4.220229E-15
  4.175300E-15
  4.045883E-15
  3.788820E-15
  3.689065E-15
  3.868689E-15
  4.006234E-15
  4.016491E-15
  3.939921E-15
  3.894692E-15
  3.889504E-15
  3.870309E-15
  4.138740E-15
  4.522131E-15
  4.406811E-15
  4.149807E-15
  4.079655E-15
  4.222748E-15
  4.340738E-15
  4.238314E-15
  4.120744E-15
  3.971173E-15
  3.705891E-15
  3.539584E-15
  3.502573E-15
  3.463763E-15
  3.548281E-15
  3.784861E-15
  4.074286E-15
  4.040725E-15
  3.586761E-15
  3.305404E-15
  3.368478E-15
  3.657423E-15
  3.773044E-15
  3.652265E-15
  3.504643E-15
  3.587121E-15
  3.841996E-15
  3.870668E-15
  3.785550E-15
  3.782821E-15
  4.035296E-15
  4.269836E-15
  4.206942E-15
  4.051762E-15
  3.909898E-15
  3.802796E-15
  3.542073E-15
  3.255946E-15
  3.340945E-15
  3.530226E-15
  3.620623E-15
  3.622062E-15
  3.690235E-15
  3.851743E-15
  3.700492E-15
  3.395951E-15
  3.286149E-15
  3.267793E-15
  3.298506E-15
  3.379275E-15
  3.448137E-15
  3.445588E-15
  3.318270E-15
  3.331197E-15
  3.588651E-15
  3.776943E-15
  3.752469E-15
  3.546722E-15
  3.511811E-15
  3.662522E-15
  3.785100E-15
  3.733484E-15
  3.576924E-15
  3.591650E-15
  3.644317E-15
  3.625182E-15
  3.564897E-15
  3.511481E-15
  3.524377E-15
  3.665161E-15
  3.860351E-15
  3.974712E-15
  3.908249E-15
  3.745091E-15
  3.705411E-15
  3.746230E-15
  3.783121E-15
  3.712579E-15
  3.688495E-15
  3.771484E-15
  3.675779E-15
  3.535475E-15
  3.558989E-15
  3.510761E-15
  3.387643E-15
  3.345443E-15
  3.502123E-15
  3.790259E-15
  3.956506E-15
  3.851173E-15
  3.505872E-15
  3.202620E-15
  3.051999E-15
  3.049719E-15
  3.067535E-15
  3.119841E-15
  3.271782E-15
  3.334226E-15
  3.219236E-15
  2.953054E-15
  2.871535E-15
  3.057727E-15
  3.184955E-15
  3.195362E-15
  3.168129E-15
  3.337795E-15
  3.518679E-15
  3.431281E-15
  3.304354E-15
  3.252437E-15
  3.292987E-15
  3.552840E-15
  4.095611E-15
  4.910081E-15
  5.822597E-15
  6.794977E-15
  8.119886E-15
  9.417533E-15
  1.009527E-14
  9.744929E-15
  8.544937E-15
  7.062358E-15
  5.518175E-15
  4.276614E-15
  3.765066E-15
  3.623532E-15
  3.495975E-15
  3.275501E-15
  3.160001E-15
  3.325919E-15
  3.611895E-15
  3.806035E-15
  3.730065E-15
  3.408607E-15
  3.051459E-15
  2.963402E-15
  3.181116E-15
  3.477140E-15
  3.360920E-15
  3.164620E-15
  3.186694E-15
  3.179856E-15
  3.254687E-15
  3.523538E-15
  3.597859E-15
  3.341485E-15
  2.864367E-15
  2.806992E-15
  3.279340E-15
  3.773973E-15
  4.007013E-15
  3.957976E-15
  4.000295E-15
  4.063519E-15
  3.982360E-15
  3.799707E-15
  3.544412E-15
  3.265274E-15
  3.111114E-15
  3.177247E-15
  3.475550E-15
  3.826490E-15
  4.006953E-15
  3.798867E-15
  3.513100E-15
  3.431461E-15
  3.405488E-15
  3.304114E-15
  3.085170E-15
  3.057458E-15
  3.272772E-15
  3.560338E-15
  3.753878E-15
  3.771094E-15
  3.660662E-15
  3.454256E-15
  3.276071E-15
  3.394001E-15
  3.853633E-15
  4.644080E-15
  5.913833E-15
  7.575466E-15
  9.354789E-15
  1.096558E-14
  1.193494E-14
  1.171860E-14
  1.052908E-14
  8.837302E-15
  7.237063E-15
  5.792215E-15
  4.526630E-15
  3.896102E-15
  3.711379E-15
  3.515560E-15
  3.241580E-15
  2.964361E-15
  2.863917E-15
  2.889951E-15
  2.976688E-15
  3.061027E-15
  3.204540E-15
  3.368418E-15
  3.242540E-15
  3.001402E-15
  2.981007E-15
  3.357830E-15
  3.863830E-15
  3.999665E-15
  3.962535E-15
  3.920786E-15
  3.995406E-15
  4.666544E-15
  6.589440E-15
  1.052770E-14
  1.585328E-14
  2.139201E-14
  2.629255E-14
  2.907553E-14
  2.838274E-14
  2.429956E-14
  1.820152E-14
  1.236023E-14
  7.980602E-15
  5.455731E-15
  4.269116E-15
  3.836147E-15
  3.661142E-15
  3.576594E-15
  3.485627E-15
  3.372856E-15
  3.292207E-15
  3.346403E-15
  3.627251E-15
  3.928704E-15
  4.073086E-15
  3.970273E-15
  3.749680E-15
  3.552480E-15
  3.422194E-15
  3.345833E-15
  3.287648E-15
  3.246379E-15
  3.195752E-15
  3.105175E-15
  2.995104E-15
  2.887011E-15
  2.799464E-15
  2.709367E-15
  2.630997E-15
  2.629378E-15
  2.803783E-15
  3.109374E-15
  3.125360E-15
  2.958573E-15
  2.922912E-15
  2.932990E-15
  2.858759E-15
  2.566814E-15
  2.540510E-15
  2.924112E-15
  3.368448E-15
  3.607906E-15
  3.557699E-15
  3.458904E-15
  3.436110E-15
  3.493875E-15
  3.416225E-15
  3.213897E-15
  3.060127E-15
  3.147524E-15
  3.394841E-15
  3.448557E-15
  3.255797E-15
  2.921742E-15
  2.703429E-15
  2.637535E-15
  2.678955E-15
  2.827147E-15
  2.968110E-15
  2.968800E-15
  2.866587E-15
  2.772441E-15
  2.833025E-15
  3.010490E-15
  3.234472E-15
  3.439529E-15
  3.502453E-15
  3.373576E-15
  3.159191E-15
  3.076653E-15
  3.273582E-15
  3.484758E-15
  3.483138E-15
  3.145845E-15
  2.901558E-15
  2.920153E-15
  2.999722E-15
  3.107185E-15
  3.172208E-15
  3.026086E-15
  2.815390E-15
  2.740859E-15
  2.781288E-15
  2.855609E-15
  2.868446E-15
  2.922312E-15
  3.017598E-15
  3.056138E-15
  2.984966E-15
  2.876214E-15
  2.960612E-15
  3.249588E-15
  3.628241E-15
  3.859751E-15
  4.007973E-15
  4.214980E-15
  4.172271E-15
  3.831319E-15
  3.373246E-15
  3.124670E-15
  3.136067E-15
  3.095698E-15
  2.989375E-15
  2.924592E-15
  3.112313E-15
  3.405998E-15
  3.543183E-15
  3.430652E-15
  3.130849E-15
  2.819829E-15
  2.654181E-15
  2.686363E-15
  2.844122E-15
  3.034633E-15
  3.151903E-15
  3.092578E-15
  2.969520E-15
  2.921532E-15
  2.942827E-15
  2.952395E-15
  2.873215E-15
  2.901738E-15
  3.096567E-15
  3.377205E-15
  3.454915E-15
  3.316981E-15
  3.348383E-15
  3.464723E-15
  3.455215E-15
  3.122511E-15
  2.613452E-15
  2.239628E-15
  2.270550E-15
  2.631147E-15
  2.985536E-15
  3.073054E-15
  2.861758E-15
  2.585379E-15
  2.410344E-15
  2.413193E-15
  2.523895E-15
  2.684863E-15
  2.845502E-15
  3.000202E-15
  2.992614E-15
  2.669747E-15
  2.496122E-15
  2.619210E-15
  2.835725E-15
  2.973599E-15
  2.979448E-15
  2.991744E-15
  3.067355E-15
  3.206429E-15
  3.353152E-15
  3.359870E-15
  3.114023E-15
  2.790106E-15
  2.594646E-15
  2.705258E-15
  2.821508E-15
  2.818629E-15
  2.853360E-15
  2.950745E-15
  3.091109E-15
  3.229013E-15
  3.205769E-15
  2.932990E-15
  2.663749E-15
  2.608893E-15
  2.868266E-15
  3.019157E-15
  2.941597E-15
  2.875404E-15
  2.986136E-15
  3.258886E-15
  3.407977E-15
  3.307173E-15
  2.979628E-15
  2.645633E-15
  2.488864E-15
  2.598995E-15
  2.805402E-15
  2.999242E-15
  3.152683E-15
  3.285939E-15
  3.342114E-15
  3.159071E-15
  2.893460E-15
  2.792206E-15
  3.126110E-15
  3.485807E-15
  3.376995E-15
  3.292987E-15
  3.288698E-15
  3.108774E-15
  2.726403E-15
  2.370424E-15
  2.508479E-15
  2.972369E-15
  3.477979E-15
  3.807325E-15
  3.988778E-15
  4.090902E-15
  3.952787E-15
  3.579683E-15
  3.108774E-15
  2.878913E-15
  2.938658E-15
  3.040062E-15
  3.140836E-15
  3.193353E-15
  3.124280E-15
  3.029265E-15
  3.008750E-15
  3.051159E-15
  3.086490E-15
  3.061596E-15
  3.154812E-15
  3.375916E-15
  3.589251E-15
  3.486407E-15
  3.056918E-15
  2.661589E-15
  2.496542E-15
  2.578571E-15
  2.657510E-15
  2.700129E-15
  2.762693E-15
  2.863077E-15
  2.987665E-15
  3.088200E-15
  2.967361E-15
  2.675056E-15
  2.501250E-15
  2.587928E-15
  2.822138E-15
  2.735940E-15
  2.561595E-15
  2.596266E-15
  2.624039E-15
  2.687383E-15
  2.918233E-15
  3.226854E-15
  3.477889E-15
  3.526957E-15
  3.369197E-15
  3.103226E-15
  2.919103E-15
  2.805882E-15
  2.693561E-15
  2.518496E-15
  2.331764E-15
  2.223072E-15
  2.142663E-15
  2.279278E-15
  2.903117E-15
  3.345054E-15
  3.318180E-15
  3.056228E-15
  2.864697E-15
  2.872255E-15
  2.815510E-15
  2.831676E-15
  3.065885E-15
  3.283120E-15
  3.272682E-15
  2.924202E-15
  2.529773E-15
  2.281917E-15
  2.211555E-15
  2.573952E-15
  3.212398E-15
  3.401109E-15
  3.226944E-15
  3.009680E-15
  2.971140E-15
  3.141676E-15
  3.395261E-15
  3.492346E-15
  3.360800E-15
  3.095038E-15
  2.868416E-15
  2.780389E-15
  2.804293E-15
  2.917663E-15
  3.039912E-15
  3.005571E-15
  2.851021E-15
  2.717435E-15
  2.807592E-15
  3.004521E-15
  3.017268E-15
  2.878434E-15
  2.737830E-15
  2.819079E-15
  3.020807E-15
  3.142396E-15
  2.946456E-15
  2.587988E-15
  2.330234E-15
  2.333144E-15
  2.484185E-15
  2.559346E-15
  2.688612E-15
  2.763023E-15
  2.498731E-15
  2.334313E-15
  2.424680E-15
  2.448944E-15
  2.453713E-15
  2.497591E-15
  2.481755E-15
  2.439256E-15
  2.437217E-15
  2.447324E-15
  2.459621E-15
  2.477137E-15
  2.495912E-15
  2.513787E-15
  2.530793E-15
  2.538501E-15
  2.537661E-15
  2.545249E-15
  2.560785E-15
  2.559076E-15
  2.437487E-15
  2.337822E-15
  2.474227E-15
  2.551248E-15
  2.511748E-15
  2.531813E-15
  2.821148E-15
  3.269293E-15
  3.320340E-15
  3.088470E-15
  2.852820E-15
  2.774030E-15
  2.787977E-15
  2.739599E-15
  2.617621E-15
  2.576141E-15
  2.859238E-15
  3.122061E-15
  3.210868E-15
  3.251808E-15
  3.435600E-15
  3.731804E-15
  3.673199E-15
  3.215877E-15
  2.599535E-15
  2.359657E-15
  2.485954E-15
  2.610902E-15
  2.566304E-15
  2.561265E-15
  3.147164E-15
  3.582053E-15
  3.461694E-15
  3.260175E-15
  3.001972E-15
  2.668487E-15
  2.431188E-15
  2.460251E-15
  2.819169E-15
  3.077762E-15
  3.112343E-15
  3.090959E-15
  3.154153E-15
  3.221845E-15
  2.933889E-15
  2.460761E-15
  2.095455E-15
  2.061144E-15
  2.317398E-15
  2.677965E-15
  3.000562E-15
  3.100556E-15
  2.838034E-15
  2.597436E-15
  2.535862E-15
  2.503620E-15
  2.439256E-15
  2.351169E-15
  2.363406E-15
  2.444355E-15
  2.562105E-15
  2.874834E-15
  3.274032E-15
  3.504613E-15
  3.277841E-15
  2.790376E-15
  2.638225E-15
  2.791696E-15
  2.969640E-15
  2.677545E-15
  2.326545E-15
  2.363466E-15
  2.670797E-15
  2.953894E-15
  2.933739E-15
  2.795115E-15
  2.696140E-15
  2.732101E-15
  2.790286E-15
  2.772531E-15
  2.633486E-15
  2.647133E-15
  2.962832E-15
  3.374626E-15
  3.581723E-15
  3.403509E-15
  3.102476E-15
  3.006381E-15
  3.336356E-15
  3.343434E-15
  2.831106E-15
  2.239178E-15
  1.987423E-15
  2.220493E-15
  2.620410E-15
  2.977798E-15
  3.102086E-15
  2.735580E-15
  2.203277E-15
  2.028002E-15
  2.119839E-15
  2.361816E-15
  2.640715E-15
  2.707537E-15
  2.631147E-15
  2.879003E-15
  3.167979E-15
  3.166300E-15
  2.834735E-15
  2.506319E-15
  2.539521E-15
  2.771241E-15
  2.926691E-15
  2.738070E-15
  2.462081E-15
  2.375163E-15
  2.691432E-15
  2.936259E-15
  2.853480E-15
  2.814640E-15
  2.746078E-15
  2.447744E-15
  1.719351E-15
  1.069149E-15
  1.236806E-15
  2.054845E-15
  2.908036E-15
  2.928761E-15
  2.742598E-15
  2.869076E-15
  3.360140E-15
  3.551401E-15
  3.007400E-15
  2.322706E-15
  1.901315E-15
  1.948043E-15
  2.414303E-15
  2.858849E-15
  2.665038E-15
  2.167106E-15
  1.718182E-15
  1.556133E-15
  1.657027E-15
  1.938415E-15
  2.408784E-15
  2.648483E-15
  2.367845E-15
  2.135794E-15
  2.338752E-15
  3.072784E-15
  3.460464E-15
  3.234262E-15
  2.828856E-15
  2.743528E-15
  3.051519E-15
  3.116692E-15
  3.032144E-15
  2.994444E-15
  2.853930E-15
  2.590508E-15
  2.280777E-15
  2.183392E-15
  2.290315E-15
  2.371114E-15
  2.324386E-15
  2.243917E-15
  2.447684E-15
  2.751986E-15
  2.919313E-15
  2.870815E-15
  2.799974E-15
  2.915924E-15
  2.972429E-15
  3.009770E-15
  3.227874E-15
  3.198331E-15
  2.883592E-15
  2.686753E-15
  2.762393E-15
  3.080192E-15
  3.377715E-15
  3.535865E-15
  3.504133E-15
  3.200881E-15
  2.921323E-15
  3.033254E-15
  3.114623E-15
  2.923452E-15
  2.455632E-15
  2.221152E-15
  2.417812E-15
  2.680514E-15
  2.961332E-15
  3.181986E-15
  3.005241E-15
  2.683364E-15
  2.632077E-15
  2.772681E-15
  2.842923E-15
  2.516397E-15
  2.185042E-15
  2.148601E-15
  2.496602E-15
  2.859178E-15
  2.944746E-15
  2.823728E-15
  2.743558E-15
  2.863677E-15
  2.826457E-15
  2.516517E-15
  2.044378E-15
  1.924319E-15
  2.232580E-15
  2.574792E-15
  2.756725E-15
  2.715635E-15
  2.560035E-15
  2.483945E-15
  2.569243E-15
  2.526084E-15
  2.504220E-15
  2.764313E-15
  2.934549E-15
  2.886501E-15
  2.728082E-15
  2.713026E-15
  2.916224E-15
  3.143655E-15
  3.322529E-15
  3.372077E-15
  3.154063E-15
  2.755915E-15
  2.383171E-15
  2.325526E-15
  2.411694E-15
  2.218933E-15
  2.091586E-15
  2.215244E-15
  2.544619E-15
  2.808941E-15
  2.841063E-15
  2.723043E-15
  2.777270E-15
  3.158891E-15
  3.324149E-15
  3.174967E-15
  2.897839E-15
  2.563844E-15
  2.375733E-15
  2.581210E-15
  3.049300E-15
  3.440699E-15
  3.258826E-15
  2.786177E-15
  2.460101E-15
  2.498311E-15
  2.760414E-15
  2.970000E-15
  3.136277E-15
  3.248328E-15
  3.289028E-15
  3.172658E-15
  2.944806E-15
  2.785367E-15
  2.846462E-15
  3.072874E-15
  3.069065E-15
  2.853600E-15
  2.623379E-15
  2.554397E-15
  2.689302E-15
  2.930950E-15
  2.911575E-15
  2.562375E-15
  2.135674E-15
  2.015495E-15
  2.310110E-15
  2.671007E-15
  2.926721E-15
  3.001582E-15
  2.908786E-15
  2.759004E-15
  2.654121E-15
  2.335633E-15
  1.993061E-15
  2.136304E-15
  2.594856E-15
  3.122991E-15
  3.522278E-15
  3.242150E-15
  2.390879E-15
  2.493393E-15
  3.159701E-15
  3.362839E-15
  2.871295E-15
  2.204927E-15
  2.267041E-15
  2.634266E-15
  2.889411E-15
  2.767162E-15
  2.447594E-15
  2.262422E-15
  2.561025E-15
  3.263655E-15
  3.955097E-15
  3.756878E-15
  3.107335E-15
  3.048580E-15
  3.742211E-15
  4.517842E-15
  4.109737E-15
  3.376785E-15
  2.852550E-15
  2.228531E-15
  1.842080E-15
  1.986613E-15
  2.590298E-15
  3.168639E-15
  3.259396E-15
  3.317311E-15
  3.380534E-15
  3.183065E-15
  2.719054E-15
  2.247366E-15
  2.264551E-15
  2.720674E-15
  3.295446E-15
  3.473571E-15
  3.206129E-15
  2.777120E-15
  2.851980E-15
  3.231503E-15
  3.248958E-15
  3.118402E-15
  2.877534E-15
  2.383801E-15
  2.120768E-15
  2.248835E-15
  2.311969E-15
  2.437487E-15
  2.763233E-15
  3.087930E-15
  3.004821E-15
  2.279997E-15
  1.972966E-15
  2.245776E-15
  2.473778E-15
  2.509918E-15
  2.402036E-15
  2.434278E-15
  2.469279E-15
  2.396817E-15
  2.356478E-15
  2.436167E-15
  2.634596E-15
  2.741939E-15
  2.634116E-15
  2.302252E-15
  1.973566E-15
  1.832422E-15
  1.955481E-15
  2.305551E-15
  2.699020E-15
  2.798114E-15
  2.718125E-15
  2.753036E-15
  3.292147E-15
  3.725476E-15
  3.193023E-15
  2.691792E-15
  2.574942E-15
  2.546029E-15
  2.198238E-15
  1.695718E-15
  1.990272E-15
  2.700279E-15
  3.179076E-15
  3.078572E-15
  2.522215E-15
  1.941624E-15
  1.940545E-15
  2.450713E-15
  2.894239E-15
  3.199081E-15
  3.311042E-15
  3.212578E-15
  2.767822E-15
  2.109131E-15
  1.875911E-15
  1.769319E-15
  1.428696E-15
  1.494199E-15
  1.915171E-15
  2.251475E-15
  2.323246E-15
  2.359477E-15
  2.952634E-15
  3.130129E-15
  2.727812E-15
  3.076383E-15
  3.763116E-15
  4.122124E-15
  4.242903E-15
  3.961065E-15
  3.199591E-15
  2.785577E-15
  2.710717E-15
  2.288335E-15
  2.229580E-15
  2.576171E-15
  2.482475E-15
  2.157539E-15
  2.062943E-15
  2.680424E-15
  3.400059E-15
  3.417905E-15
  2.937398E-15
  2.328375E-15
  2.011446E-15
  1.978125E-15
  2.203577E-15
  2.674666E-15
  3.053379E-15
  3.165580E-15
  3.186034E-15
  3.245809E-15
  3.341964E-15
  3.113663E-15
  2.754595E-15
  2.702109E-15
  2.969970E-15
  3.441899E-15
  3.906449E-15
  3.784111E-15
  3.081511E-15
  2.617501E-15
  2.366615E-15
  2.155589E-15
  1.950862E-15
  2.115430E-15
  2.886921E-15
  3.220376E-15
  3.056108E-15
  3.052869E-15
  2.470988E-15
  1.424017E-15
  9.750928E-16
  1.224869E-15
  1.847299E-15
  2.168036E-15
  2.061893E-15
  1.774687E-15
  1.909473E-15
  2.379182E-15
  2.685493E-15
  2.719534E-15
  2.534332E-15
  2.346190E-15
  2.087837E-15
  1.891297E-15
  2.225531E-15
  2.544589E-15
  2.352399E-15
  2.009737E-15
  1.859325E-15
  2.173285E-15
  3.142966E-15
  4.230216E-15
  4.458427E-15
  3.359330E-15
  1.829273E-15
  1.540747E-15
  1.474194E-15
  1.655168E-15
  1.866884E-15
  1.992491E-15
  2.131446E-15
  2.347210E-15
  2.543390E-15
  2.618790E-15
  2.591017E-15
  2.518766E-15
  2.428219E-15
  2.324776E-15
  2.236838E-15
  2.235429E-15
  2.347060E-15
  2.458182E-15
  2.459561E-15
  2.376573E-15
  2.266171E-15
  2.152740E-15
  2.052716E-15
  2.000139E-15
  2.045098E-15
  2.189661E-15
  2.343821E-15
  2.436647E-15
  2.486044E-15
  2.516457E-15
  2.533042E-15
  2.539881E-15
  2.546149E-15
  2.556916E-15
  2.571043E-15
  2.573832E-15
  2.562885E-15
  2.555297E-15
  2.559705E-15
  2.513847E-15
  2.365655E-15
  2.213265E-15
  2.191070E-15
  2.249315E-15
  2.248475E-15
  2.193470E-15
  2.208586E-15
  2.315778E-15
  2.355848E-15
  2.248266E-15
  2.147311E-15
  2.187441E-15
  2.289625E-15
  2.351289E-15
  2.384520E-15
  2.437787E-15
  2.482745E-15
  2.444115E-15
  2.344391E-15
  2.317398E-15
  2.412653E-15
  2.528753E-15
  2.578841E-15
  2.529143E-15
  2.359987E-15
  2.186361E-15
  2.142783E-15
  2.220403E-15
  2.361606E-15
  2.503470E-15
  2.568103E-15
  2.572392E-15
  2.653611E-15
  2.853960E-15
  3.031664E-15
  3.086880E-15
  3.070684E-15
  3.033614E-15
  2.947836E-15
  2.782068E-15
  2.617621E-15
  2.575601E-15
  2.616121E-15
  2.620980E-15
  2.564354E-15
  2.498821E-15
  2.453653E-15
  2.427200E-15
  2.416492E-15
  2.392648E-15
  2.338182E-15
  2.280267E-15
  2.244726E-15
  2.277088E-15
  2.423630E-15
  2.581480E-15
  2.597106E-15
  2.478576E-15
  2.334163E-15
  2.229370E-15
  2.201687E-15
  2.249885E-15
  2.289865E-15
  2.284406E-15
  2.335513E-15
  2.508119E-15
  2.672267E-15
  2.701389E-15
  2.629857E-15
  2.523775E-15
  2.405725E-15
  2.283896E-15
  2.203847E-15
  2.231710E-15
  2.327715E-15
  2.347420E-15
  2.270580E-15
  2.262272E-15
  2.390879E-15
  2.493093E-15
  2.469249E-15
  2.479716E-15
  2.654271E-15
  2.791966E-15
  2.669957E-15
  2.471378E-15
  2.478606E-15
  2.589098E-15
  2.532952E-15
  2.350329E-15
  2.284466E-15
  2.353119E-15
  2.334883E-15
  2.172265E-15
  2.074010E-15
  2.140833E-15
  2.204597E-15
  2.149381E-15
  2.126497E-15
  2.270970E-15
  2.417092E-15
  2.366615E-15
  2.244157E-15
  2.262632E-15
  2.363976E-15
  2.370454E-15
  2.288515E-15
  2.237678E-15
  2.266831E-15
  2.358487E-15
  2.465890E-15
  2.469129E-15
  2.320397E-15
  2.174724E-15
  2.151840E-15
  2.202437E-15
  2.267311E-15
  2.315808E-15
  2.321897E-15
  2.289025E-15
  2.224512E-15
  2.190920E-15
  2.282607E-15
  2.422551E-15
  2.406745E-15
  2.245566E-15
  2.197069E-15
  2.322436E-15
  2.350749E-15
  2.163807E-15
  2.048997E-15
  2.194699E-15
  2.352909E-15
  2.296463E-15
  2.182043E-15
  2.205017E-15
  2.296523E-15
  2.325766E-15
  2.275079E-15
  2.167046E-15
  2.053376E-15
  2.013006E-15
  2.059314E-15
  2.140443E-15
  2.206546E-15
  2.209935E-15
  2.143712E-15
  2.119809E-15
  2.215004E-15
  2.312689E-15
  2.303361E-15
  2.247276E-15
  2.223792E-15
  2.221182E-15
  2.204657E-15
  2.188401E-15
  2.204957E-15
  2.240078E-15
  2.248355E-15
  2.223822E-15
  2.212995E-15
  2.227991E-15
  2.215184E-15
  2.158439E-15
  2.137414E-15
  2.203997E-15
  2.274239E-15
  2.265331E-15
  2.218693E-15
  2.195389E-15
  2.176014E-15
  2.111261E-15
  2.051906E-15
  2.099534E-15
  2.207896E-15
  2.220433E-15
  2.111651E-15
  2.015135E-15
  2.005538E-15
  2.054395E-15
  2.130186E-15
  2.157509E-15
  2.081028E-15
  2.031631E-15
  2.139364E-15
  2.241727E-15
  2.123378E-15
  1.935146E-15
  1.955301E-15
  2.130966E-15
  2.221542E-15
  2.202227E-15
  2.229790E-15
  2.338872E-15
  2.397627E-15
  2.347180E-15
  2.284946E-15
  2.279308E-15
  2.283776E-15
  2.262722E-15
  2.335423E-15
  2.619000E-15
  2.953564E-15
  3.117622E-15
  3.148784E-15
  3.234382E-15
  3.409807E-15
  3.568046E-15
  4.163453E-15
  6.186583E-15
  1.007772E-14
  1.560047E-14
  2.184964E-14
  2.607438E-14
  2.621834E-14
  2.375556E-14
  2.046528E-14
  1.713410E-14
  1.446182E-14
  1.190620E-14
  8.398905E-15
  4.731327E-15
  2.693651E-15
  2.458991E-15
  2.847002E-15
  3.228204E-15
  3.692664E-15
  4.169242E-15
  4.368331E-15
  4.150677E-15
  3.759637E-15
  3.437610E-15
  3.130339E-15
  2.756815E-15
  2.430589E-15
  2.299492E-15
  2.309330E-15
  2.313829E-15
  2.280957E-15
  2.261912E-15
  2.242837E-15
  2.136694E-15
  1.949602E-15
  1.869763E-15
  1.989132E-15
  2.103973E-15
  2.056435E-15
  2.003378E-15
  2.109671E-15
  2.233539E-15
  2.183362E-15
  2.029652E-15
  1.931787E-15
  1.921350E-15
  1.958180E-15
  2.011116E-15
  2.041949E-15
  2.038739E-15
  2.046147E-15
  2.076500E-15
  2.051606E-15
  1.930917E-15
  1.884279E-15
  2.058084E-15
  2.255734E-15
  2.238128E-15
  2.099294E-15
  2.037690E-15
  2.056435E-15
  2.065912E-15
  2.054395E-15
  2.067682E-15
  2.106822E-15
  2.117049E-15
  2.084808E-15
  2.103943E-15
  2.221872E-15
  2.306870E-15
  2.247486E-15
  2.152140E-15
  2.154150E-15
  2.190710E-15
  2.150251E-15
  2.085377E-15
  2.128176E-15
  2.230900E-15
  2.214344E-15
  2.062253E-15
  1.951822E-15
  1.977765E-15
  2.099264E-15
  2.268870E-15
  2.417242E-15
  2.480796E-15
  2.452153E-15
  2.340072E-15
  2.201328E-15
  2.107572E-15
  2.070981E-15
  2.083728E-15
  2.113930E-15
  2.112610E-15
  2.070171E-15
  2.019574E-15
  1.993511E-15
  2.030192E-15
  2.139933E-15
  2.263472E-15
  2.343731E-15
  2.355458E-15
  2.289595E-15
  2.230300E-15
  2.275888E-15
  2.515047E-15
  3.024166E-15
  3.716418E-15
  4.409390E-15
  4.931976E-15
  5.123237E-15
  4.945442E-15
  4.582146E-15
  4.191256E-15
  3.818032E-15
  3.515650E-15
  3.395831E-15
  3.531366E-15
  3.801506E-15
  4.106258E-15
  4.289301E-15
  4.247012E-15
  3.984849E-15
  3.585442E-15
  3.130009E-15
  2.677695E-15
  2.281677E-15
  2.002449E-15
  1.882600E-15
  1.902454E-15
  2.009797E-15
  2.095995E-15
  2.074520E-15
  2.009257E-15
  1.984723E-15
  1.982294E-15
  1.957520E-15
  1.928308E-15
  1.940785E-15
  1.988382E-15
  2.017865E-15
  2.007307E-15
  1.985533E-15
  1.976325E-15
  1.990062E-15
  2.031151E-15
  2.078749E-15
  2.110061E-15
  2.110061E-15
  2.066032E-15
  2.019424E-15
  2.035110E-15
  2.073021E-15
  2.030521E-15
  1.933586E-15
  1.928578E-15
  2.037270E-15
  2.101003E-15
  2.042728E-15
  1.951222E-15
  1.847149E-15
  1.906473E-15
  2.087717E-15
  2.232160E-15
  2.155319E-15
  1.965888E-15
  1.870783E-15
  1.886918E-15
  1.933976E-15
  1.982744E-15
  2.041649E-15
  2.100943E-15
  2.131086E-15
  2.119419E-15
  2.076500E-15
  2.019424E-15
  1.951162E-15
  1.879870E-15
  1.872432E-15
  2.000979E-15
  2.160808E-15
  2.183092E-15
  2.117139E-15
  2.143532E-15
  2.233269E-15
  2.169746E-15
  1.934066E-15
  1.817096E-15
  1.946453E-15
  2.051606E-15
  1.945433E-15
  1.832602E-15
  1.907643E-15
  2.014026E-15
  1.945913E-15
  1.806149E-15
  1.795982E-15
  1.883679E-15
  1.916461E-15
  1.882300E-15
  1.896876E-15
  1.991801E-15
  2.085377E-15
  2.126857E-15
  2.130276E-15
  2.108321E-15
  2.066512E-15
  2.015945E-15
  1.978065E-15
  1.978425E-15
  2.009107E-15
  2.050916E-15
  2.106672E-15
  2.200308E-15
  2.297783E-15
  2.310290E-15
  2.224242E-15
  2.152080E-15
  2.149771E-15
  2.100733E-15
  1.933256E-15
  1.820815E-15
  1.923239E-15
  2.081058E-15
  2.077969E-15
  1.997800E-15
  2.032921E-15
  2.154150E-15
  2.204897E-15
  2.171245E-15
  2.178114E-15
  2.254684E-15
  2.265331E-15
  2.155049E-15
  2.093865E-15
  2.197968E-15
  2.285456E-15
  2.172835E-15
  2.011686E-15
  2.017085E-15
  2.117079E-15
  2.136544E-15
  2.076050E-15
  2.039759E-15
  2.059584E-15
  2.109191E-15
  2.155889E-15
  2.140473E-15
  2.041949E-15
  1.977345E-15
  2.037780E-15
  2.106972E-15
  2.059884E-15
  1.980404E-15
  1.992581E-15
  2.060454E-15
  2.087957E-15
  2.068462E-15
  2.056015E-15
  2.062313E-15
  2.051846E-15
  2.016515E-15
  1.994231E-15
  2.007547E-15
  2.037420E-15
  2.067202E-15
  2.101663E-15
  2.147431E-15
  2.171965E-15
  2.131356E-15
  2.074880E-15
  2.099744E-15
  2.173405E-15
  2.169476E-15
  2.072751E-15
  2.003408E-15
  2.015255E-15
  2.018615E-15
  1.961569E-15
  1.934186E-15
  2.008357E-15
  2.107542E-15
  2.139693E-15
  2.135165E-15
  2.158978E-15
  2.181833E-15
  2.126827E-15
  2.015375E-15
  1.945823E-15
  1.951252E-15
  1.984813E-15
  2.017655E-15
  2.059974E-15
  2.114500E-15
  2.162458E-15
  2.187141E-15
  2.163297E-15
  2.069991E-15
  1.952691E-15
  1.870363E-15
  1.863584E-15
  1.968467E-15
  2.126137E-15
  2.191460E-15
  2.122028E-15
  2.049357E-15
  2.044348E-15
  2.020834E-15
  1.925848E-15
  1.871652E-15
  1.960909E-15
  2.103703E-15
  2.179493E-15
  2.187231E-15
  2.167406E-15
  2.132465E-15
  2.084568E-15
  2.023233E-15
  1.940605E-15
  1.859745E-15
  1.873602E-15
  2.018645E-15
  2.162368E-15
  2.192780E-15
  2.110481E-15
  1.935506E-15
  1.812298E-15
  1.911392E-15
  2.105292E-15
  2.106762E-15
  1.944834E-15
  1.876841E-15
  1.961749E-15
  2.037870E-15
  2.040539E-15
  2.105472E-15
  2.291454E-15
  2.390519E-15
  2.229610E-15
  1.999749E-15
  1.935416E-15
  1.967598E-15
  1.941354E-15
  1.899815E-15
  1.978515E-15
  2.135524E-15
  2.185012E-15
  2.100913E-15
  2.068972E-15
  2.165127E-15
  2.241397E-15
  2.188641E-15
  2.061414E-15
  1.926148E-15
  1.834042E-15
  1.827324E-15
  1.891657E-15
  1.999479E-15
  2.093955E-15
  2.092546E-15
  2.014506E-15
  1.987992E-15
  2.052536E-15
  2.097524E-15
  2.061983E-15
  2.003858E-15
  1.970717E-15
  1.933286E-15
  1.863884E-15
  1.831163E-15
  1.914631E-15
  2.097764E-15
  2.324176E-15
  2.479866E-15
  2.417482E-15
  2.178773E-15
  1.999000E-15
  1.980854E-15
  2.008027E-15
  1.988982E-15
  1.900205E-15
  1.732998E-15
  1.577818E-15
  1.526771E-15
  1.586426E-15
  1.746794E-15
  1.906143E-15
  1.908033E-15
  1.801110E-15
  1.797331E-15
  1.956800E-15
  2.130186E-15
  2.236808E-15
  2.372254E-15
  2.585259E-15
  2.718155E-15
  2.638345E-15
  2.525184E-15
  2.601185E-15
  2.735610E-15
  2.667708E-15
  2.426270E-15
  2.212335E-15
  2.081448E-15
  1.956650E-15
  1.816616E-15
  1.714433E-15
  1.684920E-15
  1.739146E-15
  1.874981E-15
  2.029262E-15
  2.132915E-15
  2.137414E-15
  2.007637E-15
  1.833562E-15
  1.754173E-15
  1.798981E-15
  1.925578E-15
  2.072421E-15
  2.135465E-15
  2.072781E-15
  2.003169E-15
  2.006558E-15
  2.003558E-15
  1.925279E-15
  1.876781E-15
  1.977105E-15
  2.117469E-15
  2.113690E-15
  1.997710E-15
  1.914811E-15
  1.904314E-15
  1.923869E-15
  1.935176E-15
  1.882210E-15
  1.753393E-15
  1.683841E-15
  1.769828E-15
  1.888508E-15
  1.908453E-15
  1.862745E-15
  1.815507E-15
  1.810438E-15
  1.890607E-15
  2.004308E-15
  2.024433E-15
  1.924829E-15
  1.812927E-15
  1.756902E-15
  1.740496E-15
  1.752973E-15
  1.812657E-15
  1.925488E-15
  1.987123E-15
  1.887038E-15
  1.752193E-15
  1.781376E-15
  1.938175E-15
  2.063033E-15
  2.085767E-15
  2.009257E-15
  1.877771E-15
  1.822165E-15
  1.910852E-15
  2.022963E-15
  2.053646E-15
  1.998220E-15
  1.865444E-15
  1.732248E-15
  1.692778E-15
  1.756182E-15
  1.895436E-15
  2.055865E-15
  2.155619E-15
  2.157329E-15
  2.084118E-15
  1.978455E-15
  1.936676E-15
  2.015195E-15
  2.069242E-15
  1.964029E-15
  1.842380E-15
  1.880440E-15
  2.004578E-15
  2.070771E-15
  2.065732E-15
  2.045068E-15
  2.013816E-15
  1.928038E-15
  1.800511E-15
  1.744935E-15
  1.820875E-15
  1.918680E-15
  1.947713E-15
  1.954311E-15
  1.993301E-15
  2.023113E-15
  1.982864E-15
  1.906143E-15
  1.863944E-15
  1.871502E-15
  1.905634E-15
  1.929178E-15
  1.962259E-15
  1.979745E-15
  2.010007E-15
  2.068702E-15
  2.091376E-15
  2.020504E-15
  1.939585E-15
  1.960250E-15
  2.004908E-15
  1.933796E-15
  1.769349E-15
  1.624666E-15
  1.580247E-15
  1.693708E-15
  1.947203E-15
  2.165997E-15
  2.229460E-15
  2.217973E-15
  2.211225E-15
  2.215094E-15
  2.232759E-15
  2.233299E-15
  2.166087E-15
  2.095725E-15
  2.166117E-15
  2.309060E-15
  2.264401E-15
  1.986763E-15
  1.781106E-15
  1.819136E-15
  1.926058E-15
  1.955721E-15
  1.952901E-15
  1.970357E-15
  1.951252E-15
  1.819946E-15
  1.663926E-15
  1.641132E-15
  1.742925E-15
  1.838931E-15
  1.878820E-15
  1.925728E-15
  1.992071E-15
  1.986613E-15
  1.862295E-15
  1.774567E-15
  1.860345E-15
  2.004428E-15
  2.051846E-15
  2.008867E-15
  1.930857E-15
  1.858696E-15
  1.823905E-15
  1.847449E-15
  1.939705E-15
  2.069931E-15
  2.124547E-15
  2.044558E-15
  1.970297E-15
  2.020834E-15
  2.099744E-15
  2.089276E-15
  2.025003E-15
  1.989192E-15
  1.947803E-15
  1.808489E-15
  1.625086E-15
  1.585046E-15
  1.734288E-15
  1.905034E-15
  1.978185E-15
  1.938955E-15
  1.791153E-15
  1.681501E-15
  1.755132E-15
  1.885509E-15
  1.881160E-15
  1.788094E-15
  1.746824E-15
  1.778286E-15
  1.819376E-15
  1.839021E-15
  1.832302E-15
  1.807319E-15
  1.827684E-15
  1.926718E-15
  1.977315E-15
  1.866164E-15
  1.731588E-15
  1.748384E-15
  1.864904E-15
  1.956650E-15
  1.965798E-15
  1.860465E-15
  1.697967E-15
  1.647190E-15
  1.760261E-15
  1.857226E-15
  1.817606E-15
  1.715602E-15
  1.623676E-15
  1.633484E-15
  1.810018E-15
  2.022514E-15
  2.078389E-15
  2.002569E-15
  1.933706E-15
  1.912772E-15
  1.896696E-15
  1.845049E-15
  1.684650E-15
  1.358244E-15
  1.097101E-15
  1.255641E-15
  1.569030E-15
  1.543417E-15
  1.357105E-15
  1.457369E-15
  1.742625E-15
  1.853087E-15
  1.828643E-15
  1.918800E-15
  2.072661E-15
  2.008087E-15
  1.755942E-15
  1.676223E-15
  1.897266E-15
  2.125357E-15
  2.065343E-15
  1.842530E-15
  1.756332E-15
  1.808159E-15
  1.836531E-15
  1.801650E-15
  1.727659E-15
  1.664706E-15
  1.710324E-15
  1.872192E-15
  1.985563E-15
  1.943904E-15
  1.787434E-15
  1.585736E-15
  1.478693E-15
  1.565521E-15
  1.738577E-15
  1.815267E-15
  1.805069E-15
  1.834522E-15
  1.909803E-15
  1.944594E-15
  1.914661E-15
  1.868863E-15
  1.836891E-15
  1.795232E-15
  1.730898E-15
  1.676103E-15
  1.657717E-15
  1.678322E-15
  1.736387E-15
  1.802850E-15
  1.835931E-15
  1.841660E-15
  1.864994E-15
  1.907193E-15
  1.912202E-15
  1.860585E-15
  1.804829E-15
  1.788844E-15
  1.827774E-15
  1.929178E-15
  1.991921E-15
  1.892377E-15
  1.734708E-15
  1.718992E-15
  1.825764E-15
  1.889618E-15
  1.868713E-15
  1.857646E-15
  1.901765E-15
  1.967448E-15
  2.027522E-15
  2.046417E-15
  1.996690E-15
  1.947953E-15
  1.978845E-15
  2.061354E-15
  2.146112E-15
  2.162488E-15
  2.086997E-15
  1.940215E-15
  1.799221E-15
  1.699647E-15
  1.594494E-15
  1.466097E-15
  1.403923E-15
  1.471345E-15
  1.546146E-15
  1.493869E-15
  1.423747E-15
  1.508026E-15
  1.687740E-15
  1.790913E-15
  1.800691E-15
  1.822825E-15
  1.892977E-15
  1.944834E-15
  1.945973E-15
  1.906683E-15
  1.848108E-15
  1.849128E-15
  1.984183E-15
  2.132795E-15
  2.140563E-15
  2.018765E-15
  1.839291E-15
  1.695058E-15
  1.712303E-15
  1.854527E-15
  1.857166E-15
  1.615728E-15
  1.369671E-15
  1.308487E-15
  1.450411E-15
  1.786174E-15
  2.104842E-15
  2.161558E-15
  2.044168E-15
  1.963489E-15
  1.962409E-15
  1.994531E-15
  2.017235E-15
  1.978605E-15
  1.869463E-15
  1.775077E-15
  1.760681E-15
  1.838031E-15
  2.002059E-15
  2.122298E-15
  2.055175E-15
  1.896696E-15
  1.820785E-15
  1.815297E-15
  1.773158E-15
  1.682731E-15
  1.613959E-15
  1.598003E-15
  1.615188E-15
  1.645930E-15
  1.637922E-15
  1.559882E-15
  1.552744E-15
  1.767039E-15
  1.995460E-15
  1.934786E-15
  1.737857E-15
  1.776847E-15
  2.041679E-15
  2.219503E-15
  2.182103E-15
  2.053915E-15
  1.929747E-15
  1.871232E-15
  1.921110E-15
  1.976775E-15
  1.932567E-15
  1.829843E-15
  1.733178E-15
  1.688879E-15
  1.745985E-15
  1.842740E-15
  1.823545E-15
  1.680481E-15
  1.609070E-15
  1.703126E-15
  1.822525E-15
  1.866374E-15
  1.936466E-15
  2.125117E-15
  2.248955E-15
  2.074850E-15
  1.806089E-15
  1.808908E-15
  2.035050E-15
  2.171485E-15
  2.096325E-15
  1.897566E-15
  1.661136E-15
  1.520563E-15
  1.561352E-15
  1.642721E-15
  1.625865E-15
  1.605981E-15
  1.710864E-15
  1.855307E-15
  1.888658E-15
  1.826484E-15
  1.777806E-15
  1.789473E-15
  1.851647E-15
  1.938925E-15
  1.974976E-15
  1.916851E-15
  1.870933E-15
  1.927828E-15
  1.965798E-15
  1.834252E-15
  1.697637E-15
  1.824894E-15
  2.102173E-15
  2.201837E-15
  2.069571E-15
  1.913851E-15
  1.852637E-15
  1.865114E-15
  1.929357E-15
  1.976025E-15
  1.942944E-15
  1.904344E-15
  1.946273E-15
  2.012196E-15
  2.004758E-15
  1.939225E-15
  1.884339E-15
  1.881730E-15
  1.968437E-15
  2.094315E-15
  2.036850E-15
  1.703186E-15
  1.418709E-15
  1.456649E-15
  1.631084E-15
  1.716382E-15
  1.683631E-15
  1.546986E-15
  1.398884E-15
  1.381248E-15
  1.520113E-15
  1.737467E-15
  1.946453E-15
  2.036970E-15
  1.957250E-15
  1.842800E-15
  1.817696E-15
  1.845229E-15
  1.877771E-15
  1.896606E-15
  1.890877E-15
  1.867093E-15
  1.849218E-15
  1.847179E-15
  1.861395E-15
  1.889078E-15
  1.917720E-15
  1.937006E-15
  1.946513E-15
  1.944983E-15
  1.875101E-15
  1.685760E-15
  1.513274E-15
  1.541647E-15
  1.715123E-15
  1.864994E-15
  1.920360E-15
  1.886708E-15
  1.802790E-15
  1.783415E-15
  1.882240E-15
  1.952901E-15
  1.882749E-15
  1.838631E-15
  1.996810E-15
  2.205137E-15
  2.231800E-15
  2.124187E-15
  2.065882E-15
  2.070771E-15
  2.016035E-15
  1.871922E-15
  1.735547E-15
  1.655798E-15
  1.541677E-15
  1.337370E-15
  1.231317E-15
  1.404282E-15
  1.724180E-15
  1.991202E-15
  2.117559E-15
  2.058924E-15
  1.892857E-15
  1.803690E-15
  1.865834E-15
  1.981574E-15
  2.074430E-15
  2.113120E-15
  2.070681E-15
  1.950772E-15
  1.760921E-15
  1.630034E-15
  1.711404E-15
  1.890787E-15
  1.930947E-15
  1.802040E-15
  1.625925E-15
  1.486431E-15
  1.432415E-15
  1.479173E-15
  1.529200E-15
  1.510725E-15
  1.531660E-15
  1.699047E-15
  1.890607E-15
  1.942464E-15
  1.874172E-15
  1.775977E-15
  1.711673E-15
  1.727689E-15
  1.828044E-15
  1.950832E-15
  2.039759E-15
  2.044288E-15
  1.940515E-15
  1.852427E-15
  1.901465E-15
  2.000679E-15
  2.027222E-15
  1.966998E-15
  1.836141E-15
  1.705225E-15
  1.699137E-15
  1.804740E-15
  1.824714E-15
  1.684051E-15
  1.588765E-15
  1.675683E-15
  1.794332E-15
  1.797751E-15
  1.723280E-15
  1.640052E-15
  1.552444E-15
  1.440783E-15
  1.360524E-15
  1.414630E-15
  1.590715E-15
  1.749584E-15
  1.806869E-15
  1.791813E-15
  1.732068E-15
  1.658947E-15
  1.605801E-15
  1.618457E-15
  1.739596E-15
  1.868413E-15
  1.855187E-15
  1.736027E-15
  1.657807E-15
  1.660717E-15
  1.683931E-15
  1.694698E-15
  1.696617E-15
  1.687710E-15
  1.670344E-15
  1.647130E-15
  1.622896E-15
  1.603671E-15
  1.579527E-15
  1.533459E-15
  1.503437E-15
  1.560212E-15
  1.675083E-15
  1.728349E-15
  1.688849E-15
  1.664945E-15
  1.709784E-15
  1.716772E-15
  1.612879E-15
  1.494049E-15
  1.458628E-15
  1.501068E-15
  1.594823E-15
  1.668485E-15
  1.587385E-15
  1.469216E-15
  1.585526E-15
  1.794782E-15
  1.803840E-15
  1.661646E-15
  1.643681E-15
  1.762720E-15
  1.811368E-15
  1.715153E-15
  1.531750E-15
  1.364873E-15
  1.405962E-15
  1.736147E-15
  2.047887E-15
  2.001009E-15
  1.722231E-15
  1.497199E-15
  1.412800E-15
  1.490030E-15
  1.643261E-15
  1.655468E-15
  1.545096E-15
  1.610719E-15
  1.895346E-15
  2.040629E-15
  1.845349E-15
  1.568070E-15
  1.484002E-15
  1.549565E-15
  1.641521E-15
  1.731558E-15
  1.813017E-15
  1.865684E-15
  1.876151E-15
  1.844299E-15
  1.772738E-15
  1.694548E-15
  1.695058E-15
  1.781975E-15
  1.820186E-15
  1.723220E-15
  1.618967E-15
  1.649349E-15
  1.736297E-15
  1.744095E-15
  1.693498E-15
  1.658887E-15
  1.656728E-15
  1.690499E-15
  1.732908E-15
  1.693828E-15
  1.568100E-15
  1.483702E-15
  1.505536E-15
  1.512225E-15
  1.422128E-15
  1.421408E-15
  1.704085E-15
  2.004698E-15
  1.896516E-15
  1.498938E-15
  1.239445E-15
  1.252551E-15
  1.476534E-15
  1.797211E-15
  2.031361E-15
  2.071161E-15
  1.944504E-15
  1.730869E-15
  1.546206E-15
  1.496539E-15
  1.575119E-15
  1.725980E-15
  1.848078E-15
  1.803810E-15
  1.644821E-15
  1.570110E-15
  1.615758E-15
  1.666835E-15
  1.668095E-15
  1.642781E-15
  1.625326E-15
  1.658287E-15
  1.764100E-15
  1.874052E-15
  1.901645E-15
  1.848858E-15
  1.750513E-15
  1.658947E-15
  1.643051E-15
  1.705885E-15
  1.809418E-15
  1.888058E-15
  1.835782E-15
  1.633304E-15
  1.404252E-15
  1.274476E-15
  1.304048E-15
  1.504877E-15
  1.708614E-15
  1.687320E-15
  1.526651E-15
  1.484302E-15
  1.556793E-15
  1.549205E-15
  1.452660E-15
  1.457309E-15
  1.607120E-15
  1.701416E-15
  1.633604E-15
  1.598902E-15
  1.778016E-15
  2.006168E-15
  2.040599E-15
  1.935866E-15
  1.864754E-15
  1.854377E-15
  1.861995E-15
  1.864694E-15
  1.840790E-15
  1.799371E-15
  1.796882E-15
  1.860615E-15
  1.944923E-15
  2.007038E-15
  2.066272E-15
  2.150491E-15
  2.186032E-15
  2.065223E-15
  1.900985E-15
  1.940515E-15
  2.128536E-15
  2.183422E-15
  2.001549E-15
  1.630694E-15
  1.207593E-15
  1.018822E-15
  1.207413E-15
  1.464297E-15
  1.450621E-15
  1.308727E-15
  1.323423E-15
  1.416519E-15
  1.342288E-15
  1.187288E-15
  1.277235E-15
  1.596953E-15
  1.770098E-15
  1.704325E-15
  1.764970E-15
  2.114860E-15
  2.329755E-15
  2.045308E-15
  1.580787E-15
  1.403143E-15
  1.488891E-15
  1.629195E-15
  1.742835E-15
  1.783595E-15
  1.761791E-15
  1.753543E-15
  1.794032E-15
  1.863824E-15
  1.941534E-15
  2.020834E-15
  2.084538E-15
  2.074340E-15
  1.945523E-15
  1.754772E-15
  1.594254E-15
  1.542187E-15
  1.678262E-15
  1.925608E-15
  2.088377E-15
  2.069391E-15
  1.853297E-15
  1.521552E-15
  1.293521E-15
  1.317545E-15
  1.522692E-15
  1.772618E-15
  1.884309E-15
  1.677212E-15
  1.348407E-15
  1.293011E-15
  1.494829E-15
  1.669384E-15
  1.716082E-15
  1.686000E-15
  1.626075E-15
  1.570350E-15
  1.552174E-15
  1.600072E-15
  1.714763E-15
  1.828733E-15
  1.862355E-15
  1.732008E-15
  1.347027E-15
  9.409915E-16
  9.741030E-16
  1.418319E-15
  1.833232E-15
  2.004068E-15
  1.989102E-15
  1.852877E-15
  1.612099E-15
  1.313796E-15
  1.074577E-15
  9.995965E-16
  1.071188E-15
  1.220910E-15
  1.361483E-15
  1.381068E-15
  1.310227E-15
  1.296190E-15
  1.384727E-15
  1.514054E-15
  1.637383E-15
  1.756962E-15
  1.852997E-15
  1.811458E-15
  1.559882E-15
  1.309207E-15
  1.337640E-15
  1.531960E-15
  1.590505E-15
  1.520892E-15
  1.525991E-15
  1.635073E-15
  1.727209E-15
  1.750064E-15
  1.738936E-15
  1.728199E-15
  1.727599E-15
  1.743135E-15
  1.801350E-15
  1.922279E-15
  1.961809E-15
  1.706365E-15
  1.323843E-15
  1.236686E-15
  1.428366E-15
  1.497199E-15
  1.348497E-15
  1.264009E-15
  1.379149E-15
  1.516274E-15
  1.520563E-15
  1.468136E-15
  1.468346E-15
  1.491800E-15
  1.470805E-15
  1.415560E-15
  1.371591E-15
  1.354225E-15
  1.358064E-15
  1.393665E-15
  1.494469E-15
  1.646410E-15
  1.771688E-15
  1.808129E-15
  1.742086E-15
  1.594464E-15
  1.488471E-15
  1.566511E-15
  1.748204E-15
  1.842530E-15
  1.832302E-15
  1.822045E-15
  1.811098E-15
  1.689569E-15
  1.467926E-15
  1.314096E-15
  1.337550E-15
  1.502687E-15
  1.726760E-15
  1.882899E-15
  1.846909E-15
  1.689899E-15
  1.568730E-15
  1.532140E-15
  1.585646E-15
  1.671754E-15
  1.643021E-15
  1.511325E-15
  1.501787E-15
  1.712153E-15
  1.976775E-15
  2.124637E-15
  2.122658E-15
  1.984813E-15
  1.796522E-15
  1.677422E-15
  1.654178E-15
  1.707654E-15
  1.777626E-15
  1.748084E-15
  1.618067E-15
  1.518343E-15
  1.518343E-15
  1.568970E-15
  1.617918E-15
  1.655438E-15
  1.680451E-15
  1.738367E-15
  1.889618E-15
  1.996420E-15
  1.803150E-15
  1.421648E-15
  1.247843E-15
  1.355545E-15
  1.487301E-15
  1.515194E-15
  1.539308E-15
  1.619147E-15
  1.634533E-15
  1.483282E-15
  1.288992E-15
  1.231497E-15
  1.324443E-15
  1.512375E-15
  1.721511E-15
  1.853267E-15
  1.865294E-15
  1.773068E-15
  1.608530E-15
  1.412650E-15
  1.239835E-15
  1.171272E-15
  1.256480E-15
  1.426057E-15
  1.578028E-15
  1.667945E-15
  1.668784E-15
  1.649559E-15
  1.766439E-15
  1.972456E-15
  2.037300E-15
  1.875071E-15
  1.553254E-15
  1.201145E-15
  1.070918E-15
  1.304498E-15
  1.509615E-15
  1.217580E-15
  8.046766E-16
  9.889792E-16
  1.590924E-15
  1.904074E-15
  1.805249E-15
  1.621817E-15
  1.522842E-15
  1.481453E-15
  1.486851E-15
  1.599682E-15
  1.830473E-15
  2.012796E-15
  1.970117E-15
  1.783805E-15
  1.628115E-15
  1.583816E-15
  1.725950E-15
  1.911782E-15
  1.735157E-15
  1.231107E-15
  1.015612E-15
  1.347027E-15
  1.743285E-15
  1.755372E-15
  1.472275E-15
  1.116356E-15
  9.058706E-16
  1.086874E-15
  1.476684E-15
  1.598333E-15
  1.443062E-15
  1.396185E-15
  1.551875E-15
  1.659337E-15
  1.590805E-15
  1.486671E-15
  1.482532E-15
  1.562372E-15
  1.671964E-15
  1.772348E-15
  1.825344E-15
  1.788304E-15
  1.601662E-15
  1.355845E-15
  1.284043E-15
  1.424227E-15
  1.586456E-15
  1.636963E-15
  1.577038E-15
  1.447981E-15
  1.338179E-15
  1.338269E-15
  1.424167E-15
  1.523982E-15
  1.579797E-15
  1.524522E-15
  1.390966E-15
  1.322463E-15
  1.345318E-15
  1.321054E-15
  1.209483E-15
  1.195236E-15
  1.415740E-15
  1.726400E-15
  1.922399E-15
  1.933047E-15
  1.720851E-15
  1.471285E-15
  1.572029E-15
  1.930407E-15
  1.981664E-15
  1.614558E-15
  1.326752E-15
  1.403503E-15
  1.548905E-15
  1.469336E-15
  1.339229E-15
  1.420478E-15
  1.606700E-15
  1.649110E-15
  1.571549E-15
  1.563152E-15
  1.643831E-15
  1.692718E-15
  1.662336E-15
  1.595393E-15
  1.543717E-15
  1.563272E-15
  1.681981E-15
  1.786924E-15
  1.733208E-15
  1.575838E-15
  1.453290E-15
  1.439193E-15
  1.604151E-15
  1.851587E-15
  1.883739E-15
  1.624456E-15
  1.340639E-15
  1.251232E-15
  1.305368E-15
  1.404672E-15
  1.558113E-15
  1.791543E-15
  2.013066E-15
  2.066722E-15
  1.990902E-15
  1.996660E-15
  2.086907E-15
  2.025153E-15
  1.733238E-15
  1.402483E-15
  1.219050E-15
  1.235906E-15
  1.447651E-15
  1.689359E-15
  1.725620E-15
  1.603731E-15
  1.531240E-15
  1.563242E-15
  1.664016E-15
  1.766139E-15
  1.734947E-15
  1.537298E-15
  1.355215E-15
  1.344988E-15
  1.402903E-15
  1.373390E-15
  1.328342E-15
  1.428036E-15
  1.617018E-15
  1.695418E-15
  1.672114E-15
  1.766589E-15
  1.995041E-15
  2.078959E-15
  1.876121E-15
  1.624906E-15
  1.578328E-15
  1.680391E-15
  1.787404E-15
  1.891327E-15
  2.043808E-15
  2.143592E-15
  1.953471E-15
  1.550225E-15
  1.351616E-15
  1.507216E-15
  1.748444E-15
  1.825434E-15
  1.674993E-15
  1.319824E-15
  1.093382E-15
  1.442883E-15
  2.014985E-15
  1.981604E-15
  1.419579E-15
  1.107239E-15
  1.287432E-15
  1.642271E-15
  1.902604E-15
  1.945823E-15
  1.745715E-15
  1.525961E-15
  1.553884E-15
  1.822255E-15
  2.222562E-15
  2.508449E-15
  2.280387E-15
  1.660477E-15
  1.263349E-15
  1.319944E-15
  1.567800E-15
  1.748144E-15
  1.747244E-15
  1.531930E-15
  1.280324E-15
  1.228138E-15
  1.381398E-15
  1.657387E-15
  1.904134E-15
  1.850298E-15
  1.576558E-15
  1.595663E-15
  2.000079E-15
  2.178863E-15
  1.749764E-15
  1.200485E-15
  1.112817E-15
  1.394685E-15
  1.734228E-15
  1.997410E-15
  2.101153E-15
  2.030881E-15
  1.830383E-15
  1.598213E-15
  1.499178E-15
  1.579018E-15
  1.682791E-15
  1.670704E-15
  1.560842E-15
  1.416849E-15
  1.308217E-15
  1.308697E-15
  1.435924E-15
  1.684260E-15
  1.956051E-15
  2.049867E-15
  1.929208E-15
  1.779006E-15
  1.732458E-15
  1.761851E-15
  1.797691E-15
  1.742565E-15
  1.506166E-15
  1.315985E-15
  1.540357E-15
  1.956830E-15
  1.997620E-15
  1.602262E-15
  1.091883E-15
  7.030327E-16
  5.818938E-16
  7.796030E-16
  1.147848E-15
  1.484152E-15
  1.662966E-15
  1.609100E-15
  1.481303E-15
  1.578748E-15
  1.811638E-15
  1.782905E-15
  1.463337E-15
  1.217341E-15
  1.241484E-15
  1.438174E-15
  1.673673E-15
  1.858726E-15
  1.911722E-15
  1.810888E-15
  1.593054E-15
  1.325583E-15
  1.067709E-15
  9.272251E-16
  1.082375E-15
  1.475064E-15
  1.771358E-15
  1.811158E-15
  1.766289E-15
  1.808099E-15
  1.911722E-15
  1.999629E-15
  2.004428E-15
  1.860765E-15
  1.640982E-15
  1.499838E-15
  1.471645E-15
  1.499118E-15
  1.540777E-15
  1.568340E-15
  1.574039E-15
  1.597553E-15
  1.660807E-15
  1.669234E-15
  1.523082E-15
  1.350266E-15
  1.366702E-15
  1.567740E-15
  1.829393E-15
  2.023293E-15
  1.995910E-15
  1.760261E-15
  1.518433E-15
  1.418799E-15
  1.478993E-15
  1.667195E-15
  1.874772E-15
  1.973926E-15
  2.013366E-15
  2.113120E-15
  2.242597E-15
  2.308250E-15
  2.265871E-15
  2.082048E-15
  1.788994E-15
  1.515284E-15
  1.350206E-15
  1.273486E-15
  1.251772E-15
  1.276365E-15
  1.334100E-15
  1.479293E-15
  1.805639E-15
  2.147161E-15
  2.162458E-15
  1.901015E-15
  1.748894E-15
  1.837101E-15
  1.963219E-15
  1.956411E-15
  1.811518E-15
  1.587565E-15
  1.443872E-15
  1.547406E-15
  1.757382E-15
  1.792203E-15
  1.643681E-15
  1.458598E-15
  1.356745E-15
  1.490150E-15
  1.817036E-15
  2.000889E-15
  1.846369E-15
  1.553014E-15
  1.358454E-15
  1.308397E-15
  1.387907E-15
  1.479863E-15
  1.402843E-15
  1.213861E-15
  1.132552E-15
  1.219830E-15
  1.405752E-15
  1.593054E-15
  1.629075E-15
  1.470086E-15
  1.340009E-15
  1.437694E-15
  1.624306E-15
  1.687440E-15
  1.676732E-15
  1.748624E-15
  1.816047E-15
  1.600462E-15
  1.197366E-15
  1.130483E-15
  1.521972E-15
  1.838061E-15
  1.703216E-15
  1.407132E-15
  1.311006E-15
  1.354915E-15
  1.374500E-15
  1.380259E-15
  1.437184E-15
  1.520083E-15
  1.555174E-15
  1.520683E-15
  1.447291E-15
  1.351436E-15
  1.211402E-15
  1.044465E-15
  9.746129E-16
  1.102200E-15
  1.325613E-15
  1.480013E-15
  1.562042E-15
  1.644221E-15
  1.729429E-15
  1.785035E-15
  1.795412E-15
  1.734348E-15
  1.633034E-15
  1.640292E-15
  1.825164E-15
  1.969817E-15
  1.849728E-15
  1.655498E-15
  1.706995E-15
  1.925578E-15
  2.051636E-15
  2.065313E-15
  2.089186E-15
  2.146892E-15
  2.153430E-15
  2.102323E-15
  2.144912E-15
  2.386440E-15
  2.707358E-15
  2.938448E-15
  3.020387E-15
  2.937458E-15
  2.725713E-15
  2.464120E-15
  2.213265E-15
  2.022783E-15
  1.903234E-15
  1.801500E-15
  1.699796E-15
  1.666895E-15
  1.745025E-15
  1.853267E-15
  1.884849E-15
  1.811548E-15
  1.645241E-15
  1.420628E-15
  1.174721E-15
  1.028239E-15
  1.205224E-15
  1.676043E-15
  2.095635E-15
  2.218843E-15
  2.074130E-15
  1.786624E-15
  1.606011E-15
  1.802670E-15
  2.157989E-15
  2.199348E-15
  1.918890E-15
  1.608770E-15
  1.418049E-15
  1.375280E-15
  1.469336E-15
  1.664616E-15
  1.874502E-15
  1.885749E-15
  1.533369E-15
  1.105139E-15
  1.065040E-15
  1.311276E-15
  1.404073E-15
  1.321054E-15
  1.383318E-15
  1.617348E-15
  1.650159E-15
  1.337910E-15
  1.133842E-15
  1.408781E-15
  1.658137E-15
  1.197276E-15
  4.258739E-16
  2.689543E-16
  6.962844E-16
  1.035197E-15
  1.082225E-15
  1.006675E-15
  9.697541E-16
  1.153427E-15
  1.589245E-15
  1.955901E-15
  1.977435E-15
  1.791843E-15
  1.612459E-15
  1.566991E-15
  1.845799E-15
  2.227211E-15
  2.053795E-15
  1.291931E-15
  6.612534E-16
  6.225034E-16
  8.817268E-16
  1.043235E-15
  1.062580E-15
  1.009794E-15
  9.913186E-16
  1.119716E-15
  1.370151E-15
  1.635223E-15
  1.783325E-15
  1.653158E-15
  1.332391E-15
  1.201475E-15
  1.440393E-15
  1.706065E-15
  1.594134E-15
  1.337640E-15
  1.479863E-15
  1.849818E-15
  1.752793E-15
  1.354105E-15
  1.585106E-15
  2.488534E-15
  2.956863E-15
  2.275439E-15
  1.130063E-15
  4.390706E-16
  2.368625E-16
  2.691642E-16
  4.777006E-16
  8.606422E-16
  1.242234E-15
  1.311156E-15
  1.128593E-15
  1.170493E-15
  1.628895E-15
  2.030312E-15
  1.886379E-15
  1.473025E-15
  1.344268E-15
  1.541257E-15
  1.870933E-15
  2.166267E-15
  2.186841E-15
  1.908453E-15
  1.616388E-15
  1.493809E-15
  1.441203E-15
  1.337010E-15
  1.138491E-15
  7.992180E-16
  5.394847E-16
  7.947791E-16
  1.393965E-15
  1.600192E-15
  1.251952E-15
  9.502891E-16
  1.119266E-15
  1.535739E-15
  1.833952E-15
  1.705705E-15
  9.560477E-16
  1.896547E-16
  4.931766E-16
  1.754322E-15
  2.639395E-15
  2.506049E-15
  1.888598E-15
  1.405122E-15
  1.282724E-15
  1.520922E-15
  1.769858E-15
  1.637532E-15
  1.315115E-15
  1.264638E-15
  1.521432E-15
  1.787674E-15
  1.913761E-15
  1.973626E-15
  2.016605E-15
  1.972336E-15
  1.817246E-15
  1.684201E-15
  1.702706E-15
  1.785874E-15
  1.765600E-15
  1.617588E-15
  1.400743E-15
  1.205733E-15
  1.155736E-15
  1.312086E-15
  1.628205E-15
  1.992431E-15
  2.217283E-15
  2.135944E-15
  1.879090E-15
  1.718872E-15
  1.684350E-15
  1.653188E-15
  1.590235E-15
  1.496809E-15
  1.415230E-15
  1.608290E-15
  2.212215E-15
  2.478786E-15
  1.507726E-15
  1.986524E-16
  1.658408E-16
  1.099051E-15
  1.727089E-15
  1.743705E-15
  1.418259E-15
  9.892191E-16
  7.643969E-16
  9.569774E-16
  1.286563E-15
  1.310407E-15
  1.126674E-15
  1.100371E-15
  1.379509E-15
  2.051276E-15
  2.767282E-15
  2.720614E-15
  1.899755E-15
  1.299429E-15
  1.514414E-15
  2.006858E-15
  2.159818E-15
  2.112280E-15
  2.191910E-15
  2.297093E-15
  2.135105E-15
  1.769409E-15
  1.535619E-15
  1.582197E-15
  1.861395E-15
  2.198658E-15
  2.242657E-15
  1.813587E-15
  1.271177E-15
  1.056492E-15
  1.107869E-15
  1.145929E-15
  1.173612E-15
  1.393605E-15
  1.717582E-15
  1.735967E-15
  1.404492E-15
  1.241574E-15
  1.566091E-15
  1.986703E-15
  2.032771E-15
  1.729099E-15
  1.266258E-15
  9.159180E-16
  1.023950E-15
  1.470925E-15
  1.745295E-15
  1.686360E-15
  1.571789E-15
  1.582647E-15
  1.651359E-15
  1.698417E-15
  1.646200E-15
  1.412740E-15
  1.212572E-15
  1.391506E-15
  1.730569E-15
  1.735967E-15
  1.355965E-15
  7.423526E-16
  1.637413E-16
  8.354194E-17
  6.306613E-16
  1.442283E-15
  2.125657E-15
  2.423211E-15
  2.191250E-15
  1.681411E-15
  1.303928E-15
  1.158916E-15
  1.199645E-15
  1.346997E-15
  1.467566E-15
  1.490840E-15
  1.413040E-15
  1.259360E-15
  1.064770E-15
  9.119290E-16
  9.738331E-16
  1.335000E-15
  1.812657E-15
  2.179583E-15
  2.254294E-15
  1.863434E-15
  1.243944E-15
  9.229362E-16
  9.345132E-16
  9.060805E-16
  7.775635E-16
  8.103151E-16
  1.048034E-15
  1.215961E-15
  1.145959E-15
  9.885293E-16
  9.202069E-16
  9.237460E-16
  9.365227E-16
  9.887393E-16
  1.136301E-15
  1.327262E-15
  1.443932E-15
  1.527011E-15
  1.748174E-15
  2.018884E-15
  1.993301E-15
  1.687230E-15
  1.514924E-15
  1.622596E-15
  1.753633E-15
  1.702256E-15
  1.463757E-15
  1.134442E-15
  9.878695E-16
  1.260769E-15
  1.718572E-15
  1.969127E-15
  1.817456E-15
  1.151597E-15
  3.930324E-16
  3.446548E-16
  9.062905E-16
  1.234736E-15
  1.246583E-15
  1.672384E-15
  2.527374E-15
  2.838544E-15
  2.336023E-15
  2.033221E-15
  2.566484E-15
  3.330927E-15
  3.704061E-15
  3.804985E-15
  3.903900E-15
  4.232256E-15
  4.972165E-15
  5.587067E-15
  5.237807E-15
  4.192726E-15
  3.348473E-15
  2.910435E-15
  2.643384E-15
  2.388659E-15
  2.004458E-15
  1.510905E-15
  1.126974E-15
  1.045845E-15
  1.407822E-15
  2.177334E-15
  2.834825E-15
  2.834885E-15
  2.341931E-15
  1.793372E-15
  1.368412E-15
  1.178141E-15
  1.143739E-15
  9.249757E-16
  5.485424E-16
  5.831835E-16
  1.227778E-15
  1.754502E-15
  1.467896E-15
  8.427368E-16
  7.323052E-16
  1.104360E-15
  1.482592E-15
  1.702526E-15
  1.819136E-15
  1.868383E-15
  1.847748E-15
  1.767849E-15
  1.680302E-15
  1.655168E-15
  1.662006E-15
  1.602861E-15
  1.454100E-15
  1.265658E-15
  1.104090E-15
  1.084175E-15
  1.358004E-15
  1.788124E-15
  2.010547E-15
  1.922159E-15
  1.759211E-15
  1.772228E-15
  1.955631E-15
  2.258223E-15
  2.537901E-15
  2.500681E-15
  1.993241E-15
  1.386227E-15
  1.304528E-15
  1.625296E-15
  1.693438E-15
  1.147638E-15
  3.872139E-16
  6.065782E-17
  1.980225E-16
  4.814797E-16
  6.720507E-16
  7.464615E-16
  7.123903E-16
  6.154252E-16
  5.755055E-16
  7.107707E-16
  9.361628E-16
  1.036727E-15
  9.759326E-16
  9.406316E-16
  1.197366E-15
  1.669954E-15
  2.080909E-15
  2.200578E-15
  2.054815E-15
  1.756242E-15
  1.391326E-15
  1.046624E-15
  8.206625E-16
  7.545295E-16
  8.296602E-16
  1.042935E-15
  1.293461E-15
  1.419609E-15
  1.256630E-15
  9.596467E-16
  8.300800E-16
  1.077157E-15
  1.515674E-15
  1.809418E-15
  1.779816E-15
  1.592304E-15
  1.540327E-15
  1.731738E-15
  1.974826E-15
  1.948313E-15
  1.578058E-15
  1.150128E-15
  1.096112E-15
  1.550465E-15
  2.179973E-15
  2.507159E-15
  2.317548E-15
  1.899575E-15
  1.679642E-15
  1.895916E-15
  2.256453E-15
  2.348290E-15
  1.861065E-15
  1.095212E-15
  4.901474E-16
  4.586855E-16
  8.687401E-16
  1.402693E-15
  1.776397E-15
  1.899005E-15
  1.820845E-15
  1.495999E-15
  1.014353E-15
  5.984796E-16
  5.631187E-16
  1.155376E-15
  1.982264E-15
  2.593957E-15
  2.194819E-15
  1.458718E-15
  1.858966E-15
  2.152350E-15
  2.097824E-15
  2.066812E-15
  2.379002E-15
  1.518013E-15
  1.104180E-15
  1.325073E-15
  1.428036E-15
  1.543987E-15
  1.645420E-15
  1.879690E-15
  1.051963E-15
  9.466908E-17
 -2.143415E-16
 -2.391751E-16
 -1.238248E-16
  1.125445E-16
  4.317524E-16
  7.957689E-16
  1.140950E-15
  1.401973E-15
  1.516874E-15
  1.411451E-15
  1.199225E-15
  1.000736E-15
  9.876296E-16
  1.246703E-15
  1.586846E-15
  1.868353E-15
  1.809118E-15
  1.416819E-15
  1.014503E-15
  7.980783E-16
  1.217490E-15
  2.167376E-15
  3.177577E-15
  3.975252E-15
  3.965594E-15
  3.261255E-15
  2.367845E-15
  1.549265E-15
  1.383078E-15
  1.821055E-15
  2.436617E-15
  3.026685E-15
  3.188824E-15
  2.856539E-15
  2.286656E-15
  1.621067E-15
  1.024010E-15
  6.341704E-16
  3.807355E-16
  2.072601E-16
  1.062461E-16
  1.923847E-17
 -1.253244E-16
  3.867348E-17
  4.854386E-16
  1.070408E-15
  1.680242E-15
  2.192720E-15
  2.404495E-15
  2.202287E-15
  1.790943E-15
  1.342468E-15
