a,b
1100,0.0
1106,0.0
1112,0.0
1118,0.0
1124,0.0
1130,0.0
1136,0.0
1142,0.0
1148,0.0
1154,0.0
1160,0.0
1166,0.0
1172,0.0
1178,0.0
1184,0.0
1190,0.0
1196,0.0
1202,4.825229E-18
1208,1.552193E-15
1214,-1.047548E-14
1220,9.065695E-14
1226,2.875491E-13
1232,3.525327E-13
1238,3.538637E-13
1244,3.624901E-13
1250,3.374954E-13
1256,2.942639E-13
1262,3.120936E-13
1268,3.514154E-13
1274,3.451851E-13
1280,3.470328E-13
1286,3.408395E-13
1292,3.276270E-13
1298,2.866207E-13
1304,2.770652E-13
1310,3.155843E-13
1316,3.219465E-13
1322,3.226809E-13
1328,2.868290E-13
1334,2.467715E-13
1340,2.718006E-13
1346,3.031205E-13
1352,2.948023E-13
1358,2.848984E-13
1364,2.804384E-13
1370,2.750053E-13
1376,2.742036E-13
1382,2.643914E-13
1388,2.289240E-13
1394,2.067548E-13
1400,2.138306E-13
1406,2.225495E-13
1412,2.393106E-13
1418,2.409913E-13
1424,2.291062E-13
1430,2.318336E-13
1436,2.376269E-13
1442,2.339541E-13
1448,2.318922E-13
1454,2.359732E-13
1460,2.454444E-13
1466,2.384146E-13
1472,2.348212E-13
1478,2.431736E-13
1484,2.387961E-13
1490,2.364737E-13
1496,2.332428E-13
1502,2.171949E-13
1508,2.149285E-13
1514,2.222542E-13
1520,2.028274E-13
1526,1.795239E-13
1532,1.840419E-13
1538,1.781578E-13
1544,1.459994E-13
1550,1.515918E-13
1556,1.783247E-13
1562,1.782392E-13
1568,1.742047E-13
1574,1.759559E-13
1580,1.812497E-13
1586,1.849097E-13
1592,1.772949E-13
1598,1.672168E-13
1604,1.536122E-13
1610,1.492928E-13
1616,1.614820E-13
1622,1.572848E-13
1628,1.531799E-13
1634,1.547338E-13
1640,1.593090E-13
1646,1.677192E-13
1652,1.662592E-13
1658,1.575859E-13
1664,1.459057E-13
1670,1.363613E-13
1676,1.499553E-13
1682,1.576442E-13
1688,1.545004E-13
1694,1.500571E-13
1700,1.500904E-13
1706,1.433579E-13
1712,1.444002E-13
1718,1.420495E-13
1724,1.400837E-13
1730,1.538713E-13
1736,1.542101E-13
1742,1.488919E-13
1748,1.440733E-13
1754,1.451088E-13
1760,1.507662E-13
1766,1.481529E-13
1772,1.431727E-13
1778,1.418314E-13
1784,1.426945E-13
1790,1.408162E-13
1796,1.381005E-13
1802,1.358679E-13
1808,1.375307E-13
1814,1.399785E-13
1820,1.401411E-13
1826,1.339212E-13
1832,1.301528E-13
1838,1.312712E-13
1844,1.274722E-13
1850,1.210586E-13
1856,1.214667E-13
1862,1.193540E-13
1868,1.244464E-13
1874,1.230288E-13
1880,1.196111E-13
1886,1.168113E-13
1892,1.137271E-13
1898,1.186887E-13
1904,1.193256E-13
1910,1.143022E-13
1916,1.076613E-13
1922,1.059613E-13
1928,1.055304E-13
1934,1.102568E-13
1940,1.131415E-13
1946,1.128285E-13
1952,1.114465E-13
1958,1.081485E-13
1964,1.058662E-13
1970,1.054527E-13
1976,9.298185E-14
1982,1.026161E-13
1988,1.002727E-13
1994,1.042519E-13
2000,1.055608E-13
2006,1.067391E-13
2012,1.112895E-13
2018,1.130944E-13
2024,1.068287E-13
2030,1.147241E-13
2036,1.148661E-13
2042,1.116384E-13
2048,1.048882E-13
2054,1.158443E-13
2060,1.072117E-13
2066,9.631853E-14
2072,1.102969E-13
2078,1.216957E-13
2084,1.059739E-13
2090,9.568872E-14
2096,9.842669E-14
2102,1.025172E-13
2108,1.040471E-13
2114,1.081099E-13
2120,1.186089E-13
2126,1.062394E-13
2132,1.037510E-13
2138,9.529531E-14
2144,9.918249E-14
2150,9.569698E-14
2156,1.014875E-13
2162,1.086593E-13
2168,9.793085E-14
2174,8.996012E-14
2180,9.611296E-14
2186,9.022130E-14
2192,9.554980E-14
2198,1.000987E-13
2204,9.563782E-14
2210,9.739417E-14
2216,9.693742E-14
2222,9.516822E-14
2228,9.539579E-14
2234,8.762413E-14
2240,8.868166E-14
2246,9.241807E-14
2252,9.244637E-14
2258,8.802524E-14
2264,9.037243E-14
2270,8.884188E-14
2276,8.228032E-14
2282,8.163920E-14
2288,7.858202E-14
2294,7.768779E-14
2300,8.060800E-14
2306,8.552894E-14
2312,8.496262E-14
2318,8.324741E-14
2324,8.409173E-14
2330,8.017721E-14
2336,7.568521E-14
2342,7.206654E-14
2348,7.415371E-14
2354,7.807141E-14
2360,7.681488E-14
2366,7.115901E-14
2372,6.450797E-14
2378,6.428909E-14
2384,6.939702E-14
2390,7.432403E-14
2396,7.191916E-14
2402,7.524974E-14
2408,7.149124E-14
2414,7.173300E-14
2420,6.984629E-14
2426,7.060422E-14
2432,7.311203E-14
2438,7.127336E-14
2444,6.968336E-14
2450,6.928526E-14
2456,6.848436E-14
2462,6.647019E-14
2468,6.884687E-14
2474,6.630924E-14
2480,6.411251E-14
2486,6.754144E-14
2492,6.386628E-14
2498,6.337727E-14
2504,6.381636E-14
2510,6.408289E-14
2516,6.086788E-14
2522,5.955154E-14
2528,6.430386E-14
2534,6.373585E-14
2540,6.297157E-14
2546,6.110509E-14
2552,5.959278E-14
2558,6.100807E-14
2564,5.784344E-14
2570,5.792547E-14
2576,5.679181E-14
2582,5.140910E-14
2588,5.040055E-14
2594,4.759281E-14
2600,5.031049E-14
2606,5.535883E-14
2612,5.268682E-14
2618,5.565841E-14
2624,5.676800E-14
2630,5.406903E-14
2636,5.313662E-14
2642,5.331541E-14
2648,5.418595E-14
2654,5.386587E-14
2660,5.272204E-14
2666,5.148334E-14
2672,5.216507E-14
2678,5.297199E-14
2684,5.226083E-14
2690,5.082511E-14
2696,5.130890E-14
2702,5.150163E-14
2708,5.261287E-14
2714,5.164465E-14
2720,5.228652E-14
2726,4.995403E-14
2732,4.851945E-14
2738,4.809332E-14
2744,4.922149E-14
2750,4.820481E-14
2756,4.808846E-14
2762,4.630727E-14
2768,4.604874E-14
2774,4.538604E-14
2780,4.367758E-14
2786,3.845076E-14
2792,3.090350E-14
2798,3.069867E-14
2804,3.991583E-14
2810,4.521007E-14
2816,4.601962E-14
2822,4.656459E-14
2828,4.682285E-14
2834,4.578339E-14
2840,4.387821E-14
2846,4.370468E-14
2852,4.280570E-14
2858,4.250644E-14
2864,4.413577E-14
2870,4.482714E-14
2876,4.331229E-14
2882,4.310945E-14
2888,4.243665E-14
2894,4.237868E-14
2900,4.129770E-14
2906,4.103687E-14
2912,4.085392E-14
2918,4.241755E-14
2924,4.331142E-14
2930,4.050156E-14
2936,3.804600E-14
2942,3.882555E-14
2948,4.000288E-14
2954,4.012237E-14
2960,3.920957E-14
2966,3.923129E-14
2972,3.963373E-14
2978,3.955947E-14
2984,3.923888E-14
2990,3.912928E-14
2996,3.965757E-14
3002,3.898577E-14
3008,3.938536E-14
3014,4.016340E-14
3020,3.893081E-14
3026,4.001429E-14
3032,3.930827E-14
3038,3.786242E-14
3044,3.662212E-14
3050,3.662503E-14
3056,3.623213E-14
3062,3.725217E-14
3068,3.779784E-14
3074,3.823014E-14
3080,3.849302E-14
3086,3.757155E-14
3092,3.844048E-14
3098,3.797473E-14
3104,3.701312E-14
3110,3.632923E-14
3116,3.648732E-14
3122,3.717853E-14
3128,3.963086E-14
3134,3.850475E-14
3140,3.664488E-14
3146,3.608408E-14
3152,3.609112E-14
3158,3.572542E-14
3164,3.603097E-14
3170,3.399660E-14
3176,3.314644E-14
3182,3.386361E-14
3188,3.728249E-14
3194,3.658191E-14
3200,3.451244E-14
3206,3.381464E-14
3212,3.386187E-14
3218,3.331780E-14
3224,3.369324E-14
3230,3.329189E-14
3236,3.210937E-14
3242,3.187323E-14
3248,3.019201E-14
3254,3.087695E-14
3260,3.308744E-14
3266,3.289735E-14
3272,3.053676E-14
3278,2.947554E-14
3284,3.065782E-14
3290,3.154164E-14
3296,3.156007E-14
3302,3.160630E-14
3308,3.060897E-14
3314,3.035407E-14
3320,3.119939E-14
3326,3.011622E-14
3332,2.847871E-14
3338,2.866615E-14
3344,2.957032E-14
3350,2.959282E-14
3356,3.023906E-14
3362,2.992515E-14
3368,2.942447E-14
3374,2.914728E-14
3380,2.860439E-14
3386,2.861437E-14
3392,2.941927E-14
3398,2.998333E-14
3404,2.954814E-14
3410,2.900981E-14
3416,3.113322E-14
3422,3.137631E-14
3428,3.032859E-14
3434,2.891260E-14
3440,2.862396E-14
3446,2.995080E-14
3452,2.901035E-14
3458,2.723746E-14
3464,2.764190E-14
3470,2.862545E-14
3476,2.799866E-14
3482,2.810339E-14
3488,2.828785E-14
3494,2.832224E-14
3500,2.825723E-14
3506,2.691974E-14
3512,2.624001E-14
3518,2.711441E-14
3524,2.723209E-14
3530,2.625839E-14
3536,2.528377E-14
3542,2.597260E-14
3548,2.713031E-14
3554,2.676692E-14
3560,2.608667E-14
3566,2.653129E-14
3572,2.621410E-14
3578,2.602718E-14
3584,2.615788E-14
3590,2.627047E-14
3596,2.675541E-14
3602,2.666154E-14
3608,2.630119E-14
3614,2.588690E-14
3620,2.508779E-14
3626,2.469836E-14
3632,2.470458E-14
3638,2.477563E-14
3644,2.513446E-14
3650,2.423195E-14
3656,2.345613E-14
3662,2.379978E-14
3668,2.404421E-14
3674,2.425943E-14
3680,2.396962E-14
3686,2.341721E-14
3692,2.397219E-14
3698,2.508009E-14
3704,2.491620E-14
3710,2.384596E-14
3716,3.092408E-14
3722,4.654602E-14
3728,4.578896E-14
3734,3.061937E-14
3740,2.662375E-14
3746,2.604947E-14
3752,2.542594E-14
3758,2.783132E-14
3764,2.752463E-14
3770,2.630613E-14
3776,2.916335E-14
3782,3.020837E-14
3788,2.814460E-14
3794,2.536241E-14
3800,2.582922E-14
3806,3.071394E-14
3812,3.224573E-14
3818,2.964705E-14
3824,2.831236E-14
3830,2.602684E-14
3836,2.496348E-14
3842,2.816274E-14
3848,3.060811E-14
3854,3.178727E-14
3860,3.486041E-14
3866,3.643893E-14
3872,3.269425E-14
3878,2.837344E-14
3884,2.665367E-14
3890,2.552502E-14
3896,2.633838E-14
3902,2.961705E-14
3908,3.018078E-14
3914,2.956258E-14
3920,2.909803E-14
3926,2.671133E-14
3932,2.634526E-14
3938,2.816529E-14
3944,2.926044E-14
3950,2.916462E-14
3956,2.744528E-14
3962,2.595703E-14
3968,2.344717E-14
3974,2.372873E-14
3980,2.677457E-14
3986,2.840869E-14
3992,2.907647E-14
3998,2.897468E-14
4004,2.892285E-14
4010,2.775205E-14
4016,2.795221E-14
4022,2.789865E-14
4028,2.656016E-14
4034,2.814597E-14
4040,2.856307E-14
4046,2.751742E-14
4052,2.795861E-14
4058,2.692921E-14
4064,2.685393E-14
4070,2.721734E-14
4076,2.664318E-14
4082,2.631163E-14
4088,2.561103E-14
4094,2.471054E-14
4100,2.311495E-14
4106,2.302476E-14
4112,2.458779E-14
4118,2.556818E-14
4124,2.581929E-14
4130,2.591613E-14
4136,2.635710E-14
4142,2.579988E-14
4148,2.602814E-14
4154,2.638462E-14
4160,2.576713E-14
4166,2.590065E-14
4172,2.660854E-14
4178,2.714273E-14
4184,2.634699E-14
4190,2.559286E-14
4196,2.540363E-14
4202,2.562209E-14
4208,2.598600E-14
4214,2.618997E-14
4220,2.648916E-14
4226,2.609968E-14
4232,2.618727E-14
4238,2.644391E-14
4244,2.583951E-14
4250,2.483164E-14
4256,2.484696E-14
4262,2.567134E-14
4268,2.608445E-14
4274,2.532172E-14
4280,2.500931E-14
4286,2.515657E-14
4292,2.479530E-14
4298,2.417095E-14
4304,2.385279E-14
4310,2.436433E-14
4316,2.432155E-14
4322,2.396626E-14
4328,2.372963E-14
4334,2.516877E-14
4340,2.412560E-14
4346,2.247384E-14
4352,2.308851E-14
4358,2.465875E-14
4364,2.461695E-14
4370,2.343946E-14
4376,2.341371E-14
4382,2.378157E-14
4388,2.286813E-14
4394,2.293235E-14
4400,2.398450E-14
4406,2.365980E-14
4412,2.299947E-14
4418,2.285112E-14
4424,2.314033E-14
4430,2.300047E-14
4436,2.251697E-14
4442,2.250405E-14
4448,2.276191E-14
4454,2.160125E-14
4460,2.161185E-14
4466,2.180913E-14
4472,2.150044E-14
4478,2.203998E-14
4484,2.314908E-14
4490,2.238839E-14
4496,2.304684E-14
4502,2.327276E-14
4508,2.350623E-14
4514,2.259825E-14
4520,2.256524E-14
4526,2.289237E-14
4532,2.228765E-14
4538,2.102495E-14
4544,2.124728E-14
4550,2.180512E-14
4556,2.160248E-14
4562,2.178157E-14
4568,2.226166E-14
4574,2.226205E-14
4580,2.176545E-14
4586,2.144416E-14
4592,2.099246E-14
4598,2.114067E-14
4604,2.189381E-14
4610,2.122518E-14
4616,2.167911E-14
4622,2.160164E-14
4628,2.107228E-14
4634,2.059239E-14
4640,2.113825E-14
4646,2.124814E-14
4652,2.099312E-14
4658,2.098475E-14
4664,2.103760E-14
4670,2.035930E-14
4676,2.074216E-14
4682,2.129154E-14
4688,2.129092E-14
4694,2.090228E-14
4700,1.974727E-14
4706,1.981989E-14
4712,2.078375E-14
4718,2.091148E-14
4724,2.072553E-14
4730,2.045939E-14
4736,2.071956E-14
4742,2.069664E-14
4748,2.067858E-14
4754,2.072069E-14
4760,2.034528E-14
4766,2.017800E-14
4772,1.965872E-14
4778,1.940040E-14
4784,1.960450E-14
4790,2.017715E-14
4796,2.033801E-14
4802,1.969122E-14
4808,2.028884E-14
4814,1.968899E-14
4820,1.958316E-14
4826,1.940530E-14
4832,1.948460E-14
4838,1.955908E-14
4844,1.843434E-14
4850,2.063254E-14
4856,2.876067E-14
4862,2.617271E-14
4868,1.959459E-14
4874,1.814879E-14
4880,1.895544E-14
4886,1.834561E-14
4892,1.764577E-14
4898,1.789826E-14
4904,1.816623E-14
4910,1.832855E-14
4916,1.754523E-14
4922,1.778238E-14
4928,1.835736E-14
4934,1.906442E-14
4940,1.823213E-14
4946,2.050483E-14
4952,3.206757E-14
4958,3.615086E-14
4964,2.494555E-14
4970,1.857724E-14
4976,1.763987E-14
4982,1.776601E-14
4988,1.733214E-14
4994,2.306707E-14
5000,5.391273E-14
5006,6.921417E-14
5012,3.758307E-14
5018,1.932547E-14
5024,1.762937E-14
5030,1.759733E-14
5036,1.814025E-14
5042,1.712541E-14
5048,1.741459E-14
5054,1.781205E-14
5060,1.799677E-14
5066,1.756152E-14
5072,1.777556E-14
5078,1.760999E-14
5084,1.747909E-14
5090,1.775249E-14
5096,1.719029E-14
5102,1.735779E-14
5108,1.732317E-14
5114,1.709588E-14
5120,1.683064E-14
5126,1.632318E-14
5132,1.685103E-14
5138,1.698223E-14
5144,1.654113E-14
5150,1.659793E-14
5156,1.640859E-14
5162,1.617388E-14
5168,1.557142E-14
5174,1.584534E-14
5180,1.616882E-14
5186,1.623062E-14
5192,1.637096E-14
5198,1.657816E-14
5204,1.661562E-14
5210,1.659775E-14
5216,1.711125E-14
5222,1.658020E-14
5228,1.574976E-14
5234,1.619014E-14
5240,1.698680E-14
5246,1.632785E-14
5252,1.615803E-14
5258,1.684363E-14
5264,1.588469E-14
5270,1.601146E-14
5276,1.679473E-14
5282,1.646725E-14
5288,1.654690E-14
5294,1.644438E-14
5300,1.639383E-14
5306,1.624382E-14
5312,1.637223E-14
5318,1.628201E-14
5324,1.600067E-14
5330,1.628567E-14
5336,1.692570E-14
5342,1.664602E-14
5348,1.583462E-14
5354,1.681012E-14
5360,1.608008E-14
5366,1.574302E-14
5372,1.585038E-14
5378,1.601241E-14
5384,1.596267E-14
5390,1.514103E-14
5396,1.556882E-14
5402,1.539889E-14
5408,1.566965E-14
5414,1.585282E-14
5420,1.483164E-14
5426,1.506911E-14
5432,1.592363E-14
5438,1.619122E-14
5444,1.579109E-14
5450,1.433657E-14
5456,1.438231E-14
5462,1.517920E-14
5468,1.537278E-14
5474,1.483855E-14
5480,1.445567E-14
5486,1.527412E-14
5492,1.420715E-14
5498,1.429960E-14
5504,1.488377E-14
5510,1.507637E-14
5516,1.519028E-14
5522,1.468482E-14
5528,1.466608E-14
5534,1.442848E-14
5540,1.458043E-14
5546,1.502149E-14
5552,1.532749E-14
5558,1.480803E-14
5564,1.670991E-14
5570,1.884306E-14
5576,1.509136E-14
5582,1.480020E-14
5588,1.436101E-14
5594,1.446469E-14
5600,1.442035E-14
5606,1.397916E-14
5612,1.469741E-14
5618,1.498092E-14
5624,1.435919E-14
5630,1.376826E-14
5636,1.438866E-14
5642,1.505320E-14
5648,1.449526E-14
5654,1.426323E-14
5660,1.451513E-14
5666,1.367212E-14
5672,1.375871E-14
5678,1.492086E-14
5684,1.525413E-14
5690,1.477901E-14
5696,1.425978E-14
5702,1.400931E-14
5708,1.405300E-14
5714,1.442491E-14
5720,1.426529E-14
5726,1.420358E-14
5732,1.425025E-14
5738,1.460187E-14
5744,1.488911E-14
5750,1.503886E-14
5756,1.485716E-14
5762,1.377046E-14
5768,1.342938E-14
5774,1.330326E-14
5780,1.328023E-14
5786,1.393665E-14
5792,1.460160E-14
5798,1.374276E-14
5804,1.405520E-14
5810,1.415767E-14
5816,1.317797E-14
5822,1.382072E-14
5828,1.376743E-14
5834,1.346690E-14
5840,1.320670E-14
5846,1.294432E-14
5852,1.297985E-14
5858,1.348676E-14
5864,1.371168E-14
5870,1.495664E-14
5876,1.524300E-14
5882,1.376612E-14
5888,1.239611E-14
5894,1.241873E-14
5900,1.294485E-14
5906,1.222816E-14
5912,1.284289E-14
5918,1.344857E-14
5924,1.290136E-14
5930,1.229787E-14
5936,1.171839E-14
5942,1.339713E-14
5948,1.347987E-14
5954,1.277208E-14
5960,1.287282E-14
5966,1.268136E-14
5972,1.259960E-14
5978,1.309455E-14
5984,1.303285E-14
5990,1.295660E-14
5996,1.278263E-14
6002,1.301076E-14
6008,1.355443E-14
6014,1.321238E-14
6020,1.249522E-14
6026,1.366413E-14
6032,1.358186E-14
6038,1.391874E-14
6044,1.323969E-14
6050,1.205946E-14
6056,1.237150E-14
6062,1.333762E-14
6068,1.287649E-14
6074,1.269688E-14
6080,1.327443E-14
6086,1.353500E-14
6092,1.306535E-14
6098,1.303792E-14
6104,1.305668E-14
6110,1.293279E-14
6116,1.328247E-14
6122,1.276246E-14
6128,1.332142E-14
6134,1.372323E-14
6140,1.276007E-14
6146,1.289016E-14
6152,1.359040E-14
6158,1.299738E-14
6164,1.265745E-14
6170,1.318430E-14
6176,1.272122E-14
6182,1.160995E-14
6188,1.283755E-14
6194,1.280892E-14
6200,1.173396E-14
6206,1.274280E-14
6212,1.278732E-14
6218,1.248275E-14
6224,1.233451E-14
6230,1.288327E-14
6236,1.244983E-14
6242,1.170669E-14
6248,1.209517E-14
6254,1.206666E-14
6260,1.174657E-14
6266,1.162566E-14
6272,1.155231E-14
6278,1.323531E-14
6284,1.422394E-14
6290,1.366354E-14
6296,1.309776E-14
6302,1.305139E-14
6308,1.252260E-14
6314,1.146879E-14
6320,1.178395E-14
6326,1.215487E-14
6332,1.154231E-14
6338,1.265422E-14
6344,1.304544E-14
6350,1.347821E-14
6356,1.360903E-14
6362,1.204988E-14
6368,1.227529E-14
6374,1.277324E-14
6380,1.206400E-14
6386,1.121275E-14
6392,1.149694E-14
6398,1.243590E-14
6404,1.238075E-14
6410,1.109330E-14
6416,1.092519E-14
6422,1.182067E-14
6428,1.292590E-14
6434,1.228685E-14
6440,1.156485E-14
6446,1.206969E-14
6452,1.149640E-14
6458,1.145166E-14
6464,1.230430E-14
6470,1.270218E-14
6476,1.271579E-14
6482,1.255727E-14
6488,1.164783E-14
6494,1.132692E-14
6500,1.141660E-14
6506,1.152028E-14
6512,1.252056E-14
6518,1.237426E-14
6524,1.206357E-14
6530,1.164454E-14
6536,1.129669E-14
6542,1.273710E-14
6548,1.233562E-14
6554,2.807184E-14
6560,5.021583E-14
6566,3.585185E-14
6572,1.419605E-14
6578,1.325801E-14
6584,1.369326E-14
6590,1.285873E-14
6596,1.229445E-14
6602,1.128532E-14
6608,1.161608E-14
6614,1.188304E-14
6620,1.177860E-14
6626,1.154078E-14
6632,1.149609E-14
6638,1.160401E-14
6644,1.152360E-14
6650,1.143393E-14
6656,1.134190E-14
6662,1.131678E-14
6668,1.138752E-14
6674,1.140566E-14
6680,1.151664E-14
6686,1.135433E-14
6692,1.119015E-14
6698,1.133462E-14
6704,1.227345E-14
6710,1.305988E-14
6716,1.310118E-14
6722,1.303221E-14
6728,1.256980E-14
6734,1.188756E-14
6740,1.114099E-14
6746,1.106368E-14
6752,1.127747E-14
6758,1.128026E-14
6764,1.118916E-14
6770,1.125681E-14
6776,1.137611E-14
6782,1.115118E-14
6788,1.111448E-14
6794,1.129561E-14
6800,1.122194E-14
6806,1.122340E-14
6812,1.140038E-14
6818,1.125308E-14
6824,1.124711E-14
6830,1.119477E-14
6836,1.106183E-14
6842,1.113403E-14
6848,1.134042E-14
6854,1.110657E-14
6860,1.083722E-14
6866,1.107914E-14
6872,1.113878E-14
6878,1.110582E-14
6884,1.103458E-14
6890,1.233551E-14
6896,1.254002E-14
6902,1.119387E-14
6908,1.090611E-14
6914,1.099714E-14
6920,1.092681E-14
6926,1.089810E-14
6932,1.086621E-14
6938,1.090533E-14
6944,1.080986E-14
6950,1.088735E-14
6956,1.114872E-14
6962,1.113724E-14
6968,1.085595E-14
6974,1.070352E-14
6980,1.088303E-14
6986,1.087567E-14
6992,1.085862E-14
6998,1.081443E-14
7004,1.090168E-14
7010,1.083052E-14
7016,1.071371E-14
7022,1.079887E-14
7028,1.081903E-14
7034,1.086370E-14
7040,1.093942E-14
7046,1.082772E-14
7052,1.061219E-14
7058,1.062399E-14
7064,1.068840E-14
7070,1.063776E-14
7076,1.052862E-14
7082,1.031957E-14
7088,1.011523E-14
7094,1.023122E-14
7100,1.015231E-14
7106,1.008475E-14
7112,1.019230E-14
7118,1.011262E-14
7124,1.026369E-14
7130,1.038348E-14
7136,1.021282E-14
7142,1.000759E-14
7148,9.890428E-15
7154,9.942335E-15
7160,9.875870E-15
7166,1.002260E-14
7172,1.022765E-14
7178,1.006713E-14
7184,9.976266E-15
7190,9.783853E-15
7196,9.816222E-15
7202,9.988913E-15
7208,9.967509E-15
7214,9.994763E-15
7220,9.838498E-15
7226,1.004129E-14
7232,1.009503E-14
7238,1.020927E-14
7244,1.015127E-14
7250,9.993591E-15
7256,9.932437E-15
7262,1.009200E-14
7268,1.012012E-14
7274,1.002592E-14
7280,9.965140E-15
7286,1.006690E-14
7292,1.021382E-14
7298,1.006351E-14
7304,1.019920E-14
7310,1.015786E-14
7316,1.031405E-14
7322,1.015709E-14
7328,1.011556E-14
7334,1.024714E-14
7340,1.010647E-14
7346,9.896399E-15
7352,9.935229E-15
7358,1.007568E-14
7364,1.031575E-14
7370,1.014654E-14
7376,1.009364E-14
7382,1.000354E-14
7388,1.001755E-14
7394,9.984865E-15
7400,9.981476E-15
7406,9.974050E-15
7412,9.968666E-15
7418,1.001751E-14
7424,9.988500E-15
7430,9.966070E-15
7436,9.894925E-15
7442,9.928155E-15
7448,9.936053E-15
7454,9.944230E-15
7460,9.928905E-15
7466,9.986690E-15
7472,9.910321E-15
7478,9.846027E-15
7484,9.718741E-15
7490,9.809011E-15
7496,1.000295E-14
7502,9.805563E-15
7508,9.776326E-15
7514,9.950638E-15
7520,9.835381E-15
7526,9.073955E-15
7532,8.555823E-15
7538,9.631274E-15
7544,9.940510E-15
7550,9.783297E-15
7556,9.974427E-15
7562,9.704774E-15
7568,9.811606E-15
7574,9.804234E-15
7580,1.024025E-14
7586,1.008297E-14
7592,9.571551E-15
7598,8.766451E-15
7604,9.587418E-15
7610,9.466076E-15
7616,9.212907E-15
7622,8.972508E-15
7628,9.573179E-15
7634,1.201450E-14
7640,1.017233E-14
7646,9.336155E-15
7652,9.527888E-15
7658,9.315342E-15
7664,9.163871E-15
7670,9.399403E-15
7676,9.542066E-15
7682,9.424270E-15
7688,9.188303E-15
7694,9.210053E-15
7700,9.416743E-15
7706,9.137298E-15
7712,9.147325E-15
7718,9.333693E-15
7724,9.418549E-15
7730,9.465863E-15
7736,9.591254E-15
7742,9.378148E-15
7748,9.346937E-15
7754,9.401064E-15
7760,9.371296E-15
7766,9.266277E-15
7772,9.226521E-15
7778,9.336666E-15
7784,9.392576E-15
7790,9.491305E-15
7796,9.317132E-15
7802,9.372270E-15
7808,9.436177E-15
7814,9.427618E-15
7820,9.414072E-15
7826,9.356506E-15
7832,9.249303E-15
7838,9.458734E-15
7844,9.378730E-15
7850,9.209486E-15
7856,9.378483E-15
7862,9.326498E-15
7868,9.167817E-15
7874,9.068868E-15
7880,9.058372E-15
7886,9.081161E-15
7892,9.035916E-15
7898,9.005470E-15
7904,8.846507E-15
7910,8.925275E-15
7916,8.892807E-15
7922,8.832095E-15
7928,8.716888E-15
7934,8.759988E-15
7940,8.842515E-15
7946,8.867588E-15
7952,8.736008E-15
7958,8.745919E-15
7964,8.937778E-15
7970,8.779220E-15
7976,8.812261E-15
7982,8.744561E-15
7988,8.673541E-15
7994,8.792404E-15
8000,8.958130E-15
8006,8.961051E-15
8012,9.004369E-15
8018,8.699664E-15
8024,8.685981E-15
8030,8.929878E-15
8036,8.986041E-15
8042,8.842207E-15
8048,8.739136E-15
8054,8.772999E-15
8060,8.870321E-15
8066,8.838456E-15
8072,8.691049E-15
8078,9.086504E-15
8084,9.004547E-15
8090,8.757443E-15
8096,8.852361E-15
8102,8.675743E-15
8108,8.574786E-15
8114,8.402203E-15
8120,8.270918E-15
8126,8.229870E-15
8132,8.361551E-15
8138,8.234898E-15
8144,8.143509E-15
8150,8.310888E-15
8156,8.449782E-15
8162,8.607692E-15
8168,8.722158E-15
8174,8.507535E-15
8180,8.363089E-15
8186,8.531500E-15
8192,8.378375E-15
8198,8.245586E-15
8204,8.546397E-15
8210,8.413433E-15
8216,8.509953E-15
8222,8.645976E-15
8228,8.624622E-15
8234,8.567259E-15
8240,8.280223E-15
8246,8.497760E-15
8252,8.519369E-15
8258,8.334199E-15
8264,8.331456E-15
8270,8.325697E-15
8276,8.166815E-15
8282,7.995937E-15
8288,8.315180E-15
8294,8.211336E-15
8300,8.043977E-15
8306,8.260793E-15
8312,8.402393E-15
8318,8.219426E-15
8324,8.425491E-15
8330,8.403211E-15
8336,8.162129E-15
8342,8.384450E-15
8348,8.239183E-15
8354,8.095102E-15
8360,8.412442E-15
8366,8.291611E-15
8372,8.239033E-15
8378,8.216424E-15
8384,7.857917E-15
8390,8.005265E-15
8396,7.956751E-15
8402,8.399254E-15
8408,8.264343E-15
8414,7.505028E-15
8420,7.548234E-15
8426,8.209732E-15
8432,8.222538E-15
8438,8.214181E-15
8444,8.403930E-15
8450,7.976840E-15
8456,7.900960E-15
8462,7.991662E-15
8468,7.924844E-15
8474,8.191152E-15
8480,8.115546E-15
8486,7.775248E-15
8492,7.241784E-15
8498,7.144575E-15
8504,7.827592E-15
8510,7.736390E-15
8516,7.852475E-15
8522,8.028578E-15
8528,7.702622E-15
8534,7.023983E-15
8540,6.548032E-15
8546,7.343339E-15
8552,8.152004E-15
8558,8.233733E-15
8564,8.265201E-15
8570,8.153535E-15
8576,8.132370E-15
8582,8.226722E-15
8588,8.179918E-15
8594,8.046085E-15
8600,7.976188E-15
8606,8.071412E-15
8612,7.927120E-15
8618,8.092602E-15
8624,8.416000E-15
8630,8.389458E-15
8636,8.060310E-15
8642,8.035749E-15
8648,7.934536E-15
8654,7.148843E-15
8660,6.768918E-15
8666,7.364739E-15
8672,7.732048E-15
8678,8.039811E-15
8684,8.075001E-15
8690,7.997661E-15
8696,8.038468E-15
8702,8.355396E-15
8708,8.401730E-15
8714,8.174807E-15
8720,8.332634E-15
8726,8.472816E-15
8732,8.372294E-15
8738,8.384639E-15
8744,8.442429E-15
8750,7.782207E-15
8756,8.131214E-15
8762,7.669395E-15
8768,7.774859E-15
8774,8.156246E-15
8780,8.122698E-15
8786,8.130306E-15
8792,8.241766E-15
8798,8.647268E-15
8804,8.332175E-15
8810,7.957488E-15
8816,8.163349E-15
8822,7.899696E-15
8828,8.317986E-15
8834,8.166458E-15
8840,8.026802E-15
8846,7.991752E-15
8852,7.691373E-15
8858,7.677675E-15
8864,7.952010E-15
8870,7.407960E-15
8876,7.535161E-15
8882,7.883665E-15
8888,7.726358E-15
8894,7.848834E-15
8900,7.741379E-15
8906,7.497338E-15
8912,7.507217E-15
8918,7.772936E-15
8924,7.941213E-15
8930,8.086723E-15
8936,8.128275E-15
8942,7.939552E-15
8948,7.675979E-15
8954,7.991836E-15
8960,8.411492E-15
8966,8.611228E-15
8972,8.000436E-15
8978,7.997538E-15
8984,8.248295E-15
8990,7.716816E-15
8996,7.499814E-15
9002,7.749193E-15
9008,7.572113E-15
9014,7.363738E-15
9020,8.051332E-15
9026,8.315851E-15
9032,7.697870E-15
9038,7.409186E-15
9044,7.721522E-15
9050,8.201049E-15
9056,8.745567E-15
9062,9.839838E-15
9068,9.886734E-15
9074,8.793412E-15
9080,8.658877E-15
9086,7.874058E-15
9092,7.372730E-15
9098,7.890768E-15
9104,8.174377E-15
9110,8.273919E-15
9116,7.813472E-15
9122,7.632385E-15
9128,7.720434E-15
9134,7.534660E-15
9140,7.386824E-15
9146,7.334407E-15
9152,7.200410E-15
9158,7.532358E-15
9164,7.428769E-15
9170,7.213342E-15
9176,7.159776E-15
9182,7.005484E-15
9188,7.366064E-15
9194,7.601297E-15
9200,7.183992E-15
9206,6.951995E-15
9212,7.063541E-15
9218,6.959712E-15
9224,6.844410E-15
9230,6.935714E-15
9236,7.097326E-15
9242,7.147392E-15
9248,7.217737E-15
9254,7.089473E-15
9260,7.340356E-15
9266,7.342189E-15
9272,7.510320E-15
9278,8.385965E-15
9284,8.589959E-15
9290,7.694142E-15
9296,7.597373E-15
9302,7.763311E-15
9308,7.243561E-15
9314,7.837662E-15
9320,7.159386E-15
9326,6.792601E-15
9332,7.626468E-15
9338,7.457198E-15
9344,7.519613E-15
9350,8.033565E-15
9356,6.724193E-15
9362,6.084310E-15
9368,6.744329E-15
9374,6.925630E-15
9380,6.871014E-15
9386,6.812526E-15
9392,7.508669E-15
9398,8.116636E-15
9404,7.129624E-15
9410,6.511518E-15
9416,7.408398E-15
9422,7.148408E-15
9428,6.066864E-15
9434,7.049225E-15
9440,6.992088E-15
9446,7.264630E-15
9452,7.690502E-15
9458,7.630538E-15
9464,7.104885E-15
9470,7.028404E-15
9476,8.799860E-15
9482,7.525924E-15
9488,6.455120E-15
9494,7.962637E-15
9500,8.274512E-15
9506,6.994816E-15
9512,7.223444E-15
9518,8.603840E-15
9524,1.214397E-14
9530,1.204302E-14
9536,9.464694E-15
9542,8.023470E-15
9548,5.963903E-15
9554,6.357866E-15
9560,6.931766E-15
9566,7.067959E-15
9572,7.164132E-15
9578,7.180302E-15
9584,7.291742E-15
9590,7.998480E-15
9596,7.888674E-15
9602,6.601551E-15
9608,5.877745E-15
9614,6.139969E-15
9620,6.711523E-15
9626,7.172128E-15
9632,6.984895E-15
9638,7.143348E-15
9644,6.908861E-15
9650,7.091070E-15
9656,8.075256E-15
9662,7.292805E-15
9668,7.299139E-15
9674,6.605785E-15
9680,6.610067E-15
9686,7.177074E-15
9692,6.531153E-15
9698,5.780188E-15
9704,6.103451E-15
9710,6.847616E-15
9716,6.150249E-15
9722,5.686781E-15
9728,5.616399E-15
9734,5.745286E-15
9740,6.693264E-15
9746,5.992972E-15
9752,5.402198E-15
9758,8.486380E-15
9764,8.900386E-15
9770,7.970744E-15
9776,5.902380E-15
9782,5.934838E-15
9788,6.200295E-15
9794,6.435641E-15
9800,6.350520E-15
9806,5.482793E-15
9812,5.789981E-15
9818,6.788228E-15
9824,6.960899E-15
9830,7.732178E-15
9836,8.413657E-15
9842,7.185785E-15
9848,6.249757E-15
9854,6.082661E-15
9860,7.492548E-15
9866,9.860444E-15
9872,9.573492E-15
9878,5.470052E-15
9884,3.785853E-15
9890,4.334485E-15
9896,6.021035E-15
9902,7.844753E-15
9908,7.880039E-15
9914,8.604317E-15
9920,5.895777E-15
9926,3.982337E-15
9932,6.820450E-15
9938,8.581220E-15
9944,8.814077E-15
9950,8.420890E-15
9956,6.061716E-15
9962,4.341136E-15
9968,3.742691E-15
9974,7.468186E-16
9980,0.0
9986,0.0
9992,0.0
9998,0.0
