a,b
920.00,6.7325e-16
921.00,8.1161e-16
922.00,-2.3649e-16
923.00,2.2478e-15
924.00,1.7916e-15
925.00,1.7365e-15
926.00,7.3184e-16
927.00,1.1729e-15
928.00,9.6446e-16
929.00,1.4270e-15
930.00,1.0984e-15
931.00,2.4502e-15
932.00,1.5450e-15
933.00,6.4585e-16
934.00,2.0598e-15
935.00,2.2935e-15
936.00,1.9320e-15
937.00,2.2696e-15
938.00,1.8069e-15
939.00,2.2191e-15
940.00,2.6947e-15
941.00,1.8335e-15
942.00,2.6890e-15
943.00,2.7430e-15
944.00,3.2190e-15
945.00,3.6733e-15
946.00,3.2655e-15
947.00,2.1659e-15
948.00,2.2179e-15
949.00,1.6600e-15
950.00,1.7101e-15
951.00,2.4365e-15
952.00,2.6238e-15
953.00,3.1364e-15
954.00,2.0065e-15
955.00,3.0624e-15
956.00,3.6433e-15
957.00,3.0962e-15
958.00,2.7479e-15
959.00,2.8288e-15
960.00,3.1870e-15
961.00,3.3555e-15
962.00,3.0136e-15
963.00,3.5264e-15
964.00,2.6888e-15
965.00,2.9063e-15
966.00,2.8553e-15
967.00,2.5271e-15
968.00,3.2847e-15
969.00,3.7946e-15
970.00,2.2994e-15
971.00,1.7575e-15
972.00,1.6067e-15
973.00,2.0972e-15
974.00,1.8452e-15
975.00,2.2035e-15
976.00,1.9165e-15
977.00,1.9872e-15
978.00,2.6043e-15
979.00,2.6450e-15
980.00,3.1467e-15
981.00,4.0200e-15
982.00,3.4517e-15
983.00,3.3294e-15
984.00,2.7047e-15
985.00,3.2105e-15
986.00,2.9376e-15
987.00,2.4895e-15
988.00,2.3644e-15
989.00,2.1232e-15
990.00,2.2345e-15
991.00,3.2193e-15
992.00,2.8908e-15
993.00,2.9419e-15
994.00,3.4231e-15
995.00,2.8459e-15
996.00,3.4267e-15
997.00,3.6806e-15
998.00,2.7069e-15
999.00,3.4341e-15
1000.00,3.8200e-15
1001.00,3.3950e-15
1002.00,3.2181e-15
1003.00,3.5558e-15
1004.00,3.4681e-15
1005.00,3.5775e-15
1006.00,3.6691e-15
1007.00,3.2342e-15
1008.00,3.4465e-15
1009.00,3.6378e-15
1010.00,3.2340e-15
1011.00,2.5675e-15
1012.00,3.0581e-15
1013.00,2.8627e-15
1014.00,3.5165e-15
1015.00,3.2211e-15
1016.00,2.8761e-15
1017.00,2.8297e-15
1018.00,2.9404e-15
1019.00,3.2428e-15
1020.00,3.1430e-15
1021.00,2.6810e-15
1022.00,2.1187e-15
1023.00,2.1040e-15
1024.00,1.6038e-15
1025.00,1.5002e-15
1026.00,1.1353e-15
1027.00,1.2911e-15
1028.00,1.9395e-15
1029.00,2.4728e-15
1030.00,2.6304e-15
1031.00,2.8774e-15
1032.00,3.2361e-15
1033.00,2.7375e-15
1034.00,3.1978e-15
1035.00,3.0844e-15
1036.00,2.4152e-15
1037.00,2.5797e-15
1038.00,3.3145e-15
1039.00,3.7419e-15
1040.00,3.7473e-15
1041.00,4.6381e-15
1042.00,4.8583e-15
1043.00,4.9493e-15
1044.00,4.9519e-15
1045.00,4.8268e-15
1046.00,4.6458e-15
1047.00,4.6872e-15
1048.00,4.2996e-15
1049.00,4.4263e-15
1050.00,4.3419e-15
1051.00,4.7487e-15
1052.00,4.5700e-15
1053.00,4.4947e-15
1054.00,4.9460e-15
1055.00,4.5420e-15
1056.00,4.4234e-15
1057.00,4.3296e-15
1058.00,4.6805e-15
1059.00,4.6255e-15
1060.00,4.6330e-15
1061.00,4.2494e-15
1062.00,3.8460e-15
1063.00,3.2744e-15
1064.00,3.5768e-15
1065.00,3.7550e-15
1066.00,3.7989e-15
1067.00,4.3348e-15
1068.00,4.1523e-15
1069.00,4.4815e-15
1070.00,4.2708e-15
1071.00,4.5853e-15
1072.00,4.4104e-15
1073.00,4.4692e-15
1074.00,4.2391e-15
1075.00,4.4532e-15
1076.00,4.5712e-15
1077.00,4.6482e-15
1078.00,4.6304e-15
1079.00,4.3479e-15
1080.00,4.6097e-15
1081.00,4.3855e-15
1082.00,4.1554e-15
1083.00,3.4349e-15
1084.00,3.4443e-15
1085.00,3.2581e-15
1086.00,4.0408e-15
1087.00,4.4506e-15
1088.00,4.3410e-15
1089.00,4.6422e-15
1090.00,4.6094e-15
1091.00,4.6930e-15
1092.00,4.6803e-15
1093.00,4.7191e-15
1094.00,4.6151e-15
1095.00,4.4641e-15
1096.00,4.1298e-15
1097.00,4.2681e-15
1098.00,4.2584e-15
1099.00,4.2989e-15
1100.00,4.4894e-15
1101.00,4.4631e-15
1102.00,4.4198e-15
1103.00,4.5644e-15
1104.00,4.7225e-15
1105.00,4.7413e-15
1106.00,4.5382e-15
1107.00,4.2319e-15
1108.00,4.1067e-15
1109.00,4.3094e-15
1110.00,4.1603e-15
1111.00,4.0676e-15
1112.00,4.1999e-15
1113.00,4.2321e-15
1114.00,4.3742e-15
1115.00,4.0687e-15
1116.00,4.4970e-15
1117.00,4.3420e-15
1118.00,4.6703e-15
1119.00,4.5565e-15
1120.00,4.3722e-15
1121.00,4.0584e-15
1122.00,3.7509e-15
1123.00,3.7542e-15
1124.00,4.0645e-15
1125.00,4.3226e-15
1126.00,3.9433e-15
1127.00,4.2131e-15
1128.00,3.8549e-15
1129.00,3.8966e-15
1130.00,4.3043e-15
1131.00,4.2547e-15
1132.00,4.2242e-15
1133.00,4.3471e-15
1134.00,3.9117e-15
1135.00,4.0787e-15
1136.00,4.2714e-15
1137.00,4.8517e-15
1138.00,4.5665e-15
1139.00,4.5835e-15
1140.00,4.1634e-15
1141.00,4.2895e-15
1142.00,3.9109e-15
1143.00,3.6597e-15
1144.00,3.7422e-15
1145.00,3.8940e-15
1146.00,4.4274e-15
1147.00,4.5578e-15
1148.00,4.7008e-15
1149.00,5.0431e-15
1150.00,4.6723e-15
1151.00,4.3595e-15
1152.00,4.4169e-15
1153.00,4.3891e-15
1154.00,4.3641e-15
1155.00,4.5608e-15
1156.00,4.5524e-15
1157.00,4.6045e-15
1158.00,4.5024e-15
1159.00,4.3313e-15
1160.00,4.5954e-15
1161.00,4.6810e-15
1162.00,4.6641e-15
1163.00,4.4268e-15
1164.00,4.4134e-15
1165.00,4.6360e-15
1166.00,4.5159e-15
1167.00,4.6533e-15
1168.00,4.4207e-15
1169.00,4.2804e-15
1170.00,4.4311e-15
1171.00,4.5612e-15
1172.00,4.2953e-15
1173.00,3.8903e-15
1174.00,3.5572e-15
1175.00,3.1403e-15
1176.00,3.3295e-15
1177.00,3.2256e-15
1178.00,4.1417e-15
1179.00,4.3287e-15
1180.00,4.3672e-15
1181.00,4.3844e-15
1182.00,4.4863e-15
1183.00,4.1856e-15
1184.00,4.2217e-15
1185.00,4.0983e-15
1186.00,4.1191e-15
1187.00,4.2741e-15
1188.00,3.8587e-15
1189.00,3.4299e-15
1190.00,2.7584e-15
1191.00,2.6423e-15
1192.00,2.4880e-15
1193.00,2.8702e-15
1194.00,3.4914e-15
1195.00,4.3009e-15
1196.00,4.3850e-15
1197.00,4.3943e-15
1198.00,4.1856e-15
1199.00,3.8747e-15
1200.00,3.6217e-15
1201.00,3.3374e-15
1202.00,3.2222e-15
1203.00,3.0462e-15
1204.00,2.7230e-15
1205.00,2.5183e-15
1206.00,2.1498e-15
1207.00,2.1457e-15
1208.00,2.2443e-15
1209.00,2.8263e-15
1210.00,2.7858e-15
1211.00,2.5667e-15
1212.00,3.1320e-15
1213.00,4.2213e-15
1214.00,6.3258e-15
1215.00,1.1290e-14
1216.00,2.2279e-14
1217.00,2.9801e-14
1218.00,2.5444e-14
1219.00,1.5254e-14
1220.00,8.3120e-15
1221.00,5.4512e-15
1222.00,4.6993e-15
1223.00,4.6500e-15
1224.00,5.0541e-15
1225.00,4.8827e-15
1226.00,5.0769e-15
1227.00,5.1671e-15
1228.00,5.0876e-15
1229.00,4.8504e-15
1230.00,5.1043e-15
1231.00,5.1420e-15
1232.00,5.3755e-15
1233.00,5.3375e-15
1234.00,5.4922e-15
1235.00,5.6270e-15
1236.00,5.4393e-15
1237.00,5.3189e-15
1238.00,5.6381e-15
1239.00,5.6761e-15
1240.00,5.8329e-15
1241.00,6.2963e-15
1242.00,6.4474e-15
1243.00,6.9944e-15
1244.00,7.1435e-15
1245.00,7.2352e-15
1246.00,6.7838e-15
1247.00,6.5501e-15
1248.00,6.6253e-15
1249.00,6.5601e-15
1250.00,6.4565e-15
1251.00,6.3312e-15
1252.00,6.3866e-15
1253.00,6.5402e-15
1254.00,6.3659e-15
1255.00,6.7122e-15
1256.00,6.5571e-15
1257.00,6.3516e-15
1258.00,5.3969e-15
1259.00,4.0640e-15
1260.00,3.4831e-15
1261.00,4.2783e-15
1262.00,5.5703e-15
1263.00,6.8545e-15
1264.00,7.4373e-15
1265.00,7.3487e-15
1266.00,7.6382e-15
1267.00,7.1114e-15
1268.00,6.7947e-15
1269.00,6.8547e-15
1270.00,6.8600e-15
1271.00,6.9224e-15
1272.00,7.0084e-15
1273.00,7.1836e-15
1274.00,7.1929e-15
1275.00,6.8717e-15
1276.00,6.8216e-15
1277.00,6.6108e-15
1278.00,7.0128e-15
1279.00,6.8774e-15
1280.00,6.9664e-15
1281.00,7.0053e-15
1282.00,6.8146e-15
1283.00,6.9795e-15
1284.00,7.0443e-15
1285.00,6.9175e-15
1286.00,6.8214e-15
1287.00,7.0336e-15
1288.00,6.9333e-15
1289.00,7.2419e-15
1290.00,6.9898e-15
1291.00,7.0685e-15
1292.00,6.7332e-15
1293.00,6.9908e-15
1294.00,6.7137e-15
1295.00,6.3753e-15
1296.00,6.4152e-15
1297.00,6.4345e-15
1298.00,6.1675e-15
1299.00,5.9538e-15
1300.00,5.2136e-15
1301.00,4.1745e-15
1302.00,3.3140e-15
1303.00,3.5040e-15
1304.00,4.3587e-15
1305.00,6.0910e-15
1306.00,7.0771e-15
1307.00,7.5508e-15
1308.00,7.4832e-15
1309.00,8.3644e-15
1310.00,8.1714e-15
1311.00,7.6267e-15
1312.00,7.3246e-15
1313.00,7.2954e-15
1314.00,7.1532e-15
1315.00,7.1528e-15
1316.00,7.1617e-15
1317.00,7.0392e-15
1318.00,7.2231e-15
1319.00,7.4002e-15
1320.00,7.3566e-15
1321.00,7.1733e-15
1322.00,7.0002e-15
1323.00,6.9802e-15
1324.00,6.9907e-15
1325.00,6.9939e-15
1326.00,7.2264e-15
1327.00,7.2190e-15
1328.00,6.9812e-15
1329.00,7.2937e-15
1330.00,7.1132e-15
1331.00,6.7776e-15
1332.00,5.5851e-15
1333.00,4.2674e-15
1334.00,3.6882e-15
1335.00,4.5505e-15
1336.00,6.1645e-15
1337.00,7.0835e-15
1338.00,7.3108e-15
1339.00,7.4695e-15
1340.00,7.1993e-15
1341.00,7.1035e-15
1342.00,7.1878e-15
1343.00,6.6753e-15
1344.00,7.0266e-15
1345.00,7.1172e-15
1346.00,7.3709e-15
1347.00,7.4853e-15
1348.00,7.2646e-15
1349.00,7.1261e-15
1350.00,7.2610e-15
1351.00,7.0358e-15
1352.00,7.3060e-15
1353.00,7.2777e-15
1354.00,7.3157e-15
1355.00,7.3066e-15
1356.00,7.1882e-15
1357.00,7.2381e-15
1358.00,7.2089e-15
1359.00,7.0410e-15
1360.00,7.2298e-15
1361.00,7.3884e-15
1362.00,6.9639e-15
1363.00,7.2597e-15
1364.00,7.3516e-15
1365.00,6.9980e-15
1366.00,7.0924e-15
1367.00,7.1553e-15
1368.00,7.1904e-15
1369.00,7.0012e-15
1370.00,6.8122e-15
1371.00,7.1358e-15
1372.00,7.0751e-15
1373.00,6.9362e-15
1374.00,7.1778e-15
1375.00,6.8821e-15
1376.00,7.0132e-15
1377.00,7.0928e-15
1378.00,7.1423e-15
1379.00,7.0224e-15
1380.00,6.8991e-15
1381.00,6.8843e-15
1382.00,7.1130e-15
1383.00,6.8666e-15
1384.00,6.9473e-15
1385.00,6.8772e-15
1386.00,6.8252e-15
1387.00,6.7109e-15
1388.00,6.3804e-15
1389.00,6.5566e-15
1390.00,6.4580e-15
1391.00,5.8869e-15
1392.00,4.9324e-15
1393.00,4.4861e-15
1394.00,5.1725e-15
1395.00,5.8897e-15
1396.00,6.3724e-15
1397.00,6.6309e-15
1398.00,6.8931e-15
1399.00,6.6381e-15
1400.00,6.2323e-15
1401.00,6.0141e-15
1402.00,5.4068e-15
1403.00,5.7111e-15
1404.00,6.3495e-15
1405.00,7.4386e-15
1406.00,7.2178e-15
1407.00,7.3993e-15
1408.00,7.2723e-15
1409.00,6.7520e-15
1410.00,6.7709e-15
1411.00,7.3581e-15
1412.00,7.1941e-15
1413.00,7.0207e-15
1414.00,6.6365e-15
1415.00,6.8581e-15
1416.00,6.8720e-15
1417.00,7.0009e-15
1418.00,6.8537e-15
1419.00,6.9401e-15
1420.00,6.8292e-15
1421.00,6.8162e-15
1422.00,7.0091e-15
1423.00,7.1328e-15
1424.00,6.8831e-15
1425.00,7.1226e-15
1426.00,7.1610e-15
1427.00,7.0837e-15
1428.00,6.8836e-15
1429.00,6.8968e-15
1430.00,6.8376e-15
1431.00,6.8382e-15
1432.00,6.8621e-15
1433.00,6.9779e-15
1434.00,7.2296e-15
1435.00,7.2811e-15
1436.00,7.1305e-15
1437.00,6.7662e-15
1438.00,6.8495e-15
1439.00,7.1404e-15
1440.00,6.9902e-15
1441.00,7.1982e-15
1442.00,7.2009e-15
1443.00,7.1961e-15
1444.00,7.2807e-15
1445.00,6.8121e-15
1446.00,6.8555e-15
1447.00,6.7253e-15
1448.00,6.5859e-15
1449.00,7.0939e-15
1450.00,7.1253e-15
1451.00,6.9134e-15
1452.00,6.8443e-15
1453.00,6.8512e-15
1454.00,6.7416e-15
1455.00,6.5475e-15
1456.00,6.7327e-15
1457.00,6.9869e-15
1458.00,6.8413e-15
1459.00,6.9923e-15
1460.00,6.9001e-15
1461.00,6.8246e-15
1462.00,7.2891e-15
1463.00,7.3728e-15
1464.00,6.9317e-15
1465.00,6.9420e-15
1466.00,7.0715e-15
1467.00,6.7713e-15
1468.00,7.0327e-15
1469.00,6.8839e-15
1470.00,7.0854e-15
1471.00,6.8721e-15
1472.00,7.0330e-15
1473.00,7.1937e-15
1474.00,7.0368e-15
1475.00,6.9654e-15
1476.00,6.9410e-15
1477.00,6.7492e-15
1478.00,6.7081e-15
1479.00,6.6634e-15
1480.00,6.7334e-15
1481.00,6.7998e-15
1482.00,6.8873e-15
1483.00,6.8568e-15
1484.00,6.7486e-15
1485.00,7.2122e-15
1486.00,6.7433e-15
1487.00,7.0425e-15
1488.00,7.1429e-15
1489.00,6.9759e-15
1490.00,7.0227e-15
1491.00,6.8641e-15
1492.00,6.8956e-15
1493.00,6.9086e-15
1494.00,7.0407e-15
1495.00,6.7722e-15
1496.00,7.0267e-15
1497.00,6.7128e-15
1498.00,6.8608e-15
1499.00,7.0043e-15
1500.00,6.5595e-15
1501.00,6.3266e-15
1502.00,6.0782e-15
1503.00,6.4846e-15
1504.00,6.6250e-15
1505.00,6.6547e-15
1506.00,6.3922e-15
1507.00,7.0188e-15
1508.00,6.8992e-15
1509.00,6.8923e-15
1510.00,6.6127e-15
1511.00,6.5706e-15
1512.00,6.5407e-15
1513.00,6.5993e-15
1514.00,6.5003e-15
1515.00,6.4436e-15
1516.00,6.3718e-15
1517.00,6.4618e-15
1518.00,6.7025e-15
1519.00,6.5903e-15
1520.00,6.7981e-15
1521.00,6.6867e-15
1522.00,6.4896e-15
1523.00,6.5220e-15
1524.00,5.5276e-15
1525.00,4.2189e-15
1526.00,3.9565e-15
1527.00,4.1562e-15
1528.00,5.1172e-15
1529.00,6.0469e-15
1530.00,6.2768e-15
1531.00,6.3310e-15
1532.00,6.6450e-15
1533.00,7.0887e-15
1534.00,7.5218e-15
1535.00,7.0620e-15
1536.00,6.2110e-15
1537.00,5.8975e-15
1538.00,6.0140e-15
1539.00,5.8527e-15
1540.00,5.8805e-15
1541.00,5.7911e-15
1542.00,5.6121e-15
1543.00,5.5088e-15
1544.00,5.3659e-15
1545.00,5.2776e-15
1546.00,4.4685e-15
1547.00,3.8923e-15
1548.00,4.0894e-15
1549.00,4.4206e-15
1550.00,4.9736e-15
1551.00,6.0602e-15
1552.00,7.0098e-15
1553.00,7.3925e-15
1554.00,6.9908e-15
1555.00,6.9779e-15
1556.00,6.8834e-15
1557.00,6.5501e-15
1558.00,6.4871e-15
1559.00,6.6596e-15
1560.00,6.5518e-15
1561.00,6.0894e-15
1562.00,6.2214e-15
1563.00,6.2511e-15
1564.00,6.4496e-15
1565.00,6.3228e-15
1566.00,5.9701e-15
1567.00,6.2748e-15
1568.00,6.6290e-15
1569.00,6.2271e-15
1570.00,6.3716e-15
1571.00,6.4894e-15
1572.00,6.6485e-15
1573.00,6.6621e-15
1574.00,6.5722e-15
1575.00,6.4745e-15
1576.00,6.1752e-15
1577.00,6.2946e-15
1578.00,6.4857e-15
1579.00,6.2378e-15
1580.00,6.2087e-15
1581.00,6.3122e-15
1582.00,6.3626e-15
1583.00,6.4993e-15
1584.00,6.7778e-15
1585.00,6.5028e-15
1586.00,6.6570e-15
1587.00,6.8784e-15
1588.00,6.8002e-15
1589.00,6.5305e-15
1590.00,6.6203e-15
1591.00,6.3378e-15
1592.00,6.2009e-15
1593.00,6.2749e-15
1594.00,6.4469e-15
1595.00,6.4799e-15
1596.00,6.5005e-15
1597.00,6.6804e-15
1598.00,6.4672e-15
1599.00,6.2730e-15
1600.00,6.4113e-15
1601.00,6.2983e-15
1602.00,6.2823e-15
1603.00,6.2224e-15
1604.00,5.9432e-15
1605.00,5.9464e-15
1606.00,5.7882e-15
1607.00,5.2641e-15
1608.00,5.1398e-15
1609.00,5.1534e-15
1610.00,5.6118e-15
1611.00,5.7713e-15
1612.00,6.1199e-15
1613.00,6.1513e-15
1614.00,6.0721e-15
1615.00,6.2315e-15
1616.00,6.4305e-15
1617.00,6.5004e-15
1618.00,6.8703e-15
1619.00,6.4536e-15
1620.00,6.0736e-15
1621.00,5.9807e-15
1622.00,5.9750e-15
1623.00,6.0503e-15
1624.00,6.1698e-15
1625.00,6.6310e-15
1626.00,6.3890e-15
1627.00,6.0777e-15
1628.00,6.1398e-15
1629.00,6.4615e-15
1630.00,6.1488e-15
1631.00,6.2012e-15
1632.00,6.1248e-15
1633.00,6.2487e-15
1634.00,6.0577e-15
1635.00,6.0742e-15
1636.00,6.6832e-15
1637.00,6.4741e-15
1638.00,6.7876e-15
1639.00,7.0177e-15
1640.00,7.2092e-15
1641.00,7.0027e-15
1642.00,6.8301e-15
1643.00,7.1047e-15
1644.00,6.9352e-15
1645.00,6.6007e-15
1646.00,6.5391e-15
1647.00,6.5047e-15
1648.00,6.5197e-15
1649.00,6.6458e-15
1650.00,6.3689e-15
1651.00,6.2620e-15
1652.00,6.3411e-15
1653.00,6.1686e-15
1654.00,6.0707e-15
1655.00,6.2676e-15
1656.00,5.8673e-15
1657.00,6.1654e-15
1658.00,5.9324e-15
1659.00,6.1594e-15
1660.00,6.2623e-15
1661.00,6.4955e-15
1662.00,6.2107e-15
1663.00,6.1760e-15
1664.00,6.4378e-15
1665.00,6.4972e-15
1666.00,6.9013e-15
1667.00,6.2930e-15
1668.00,5.7924e-15
1669.00,4.8194e-15
1670.00,4.5514e-15
1671.00,4.8749e-15
1672.00,5.3212e-15
1673.00,5.6332e-15
1674.00,5.6089e-15
1675.00,5.5318e-15
1676.00,6.1371e-15
1677.00,6.1765e-15
1678.00,6.0430e-15
1679.00,5.9743e-15
1680.00,6.1447e-15
1681.00,5.9141e-15
1682.00,5.9780e-15
1683.00,5.9156e-15
1684.00,6.0008e-15
1685.00,6.4259e-15
1686.00,6.4207e-15
1687.00,6.1067e-15
1688.00,5.7305e-15
1689.00,6.1225e-15
1690.00,6.2638e-15
1691.00,5.9204e-15
1692.00,5.8391e-15
1693.00,5.9090e-15
1694.00,5.6241e-15
1695.00,5.8425e-15
1696.00,5.9805e-15
1697.00,5.9122e-15
1698.00,5.9138e-15
1699.00,5.8009e-15
1700.00,5.9434e-15
1701.00,6.3173e-15
1702.00,6.1188e-15
1703.00,5.9305e-15
1704.00,6.0811e-15
1705.00,5.9839e-15
1706.00,5.9760e-15
1707.00,5.8233e-15
1708.00,5.3872e-15
1709.00,5.3049e-15
1710.00,5.6147e-15
1711.00,5.9380e-15
1712.00,5.8291e-15
1713.00,5.7736e-15
1714.00,5.8802e-15
1715.00,5.9861e-15
1716.00,5.7520e-15
1717.00,5.5106e-15
1718.00,5.7176e-15
1719.00,5.3970e-15
1720.00,5.5917e-15
1721.00,5.4523e-15
1722.00,5.3607e-15
1723.00,5.6758e-15
1724.00,5.4423e-15
1725.00,5.8225e-15
1726.00,5.4694e-15
1727.00,5.8388e-15
1728.00,5.6698e-15
1729.00,5.7003e-15
1730.00,5.7064e-15
1731.00,5.5764e-15
1732.00,5.9667e-15
1733.00,5.7879e-15
1734.00,5.8206e-15
1735.00,5.9702e-15
1736.00,5.8012e-15
1737.00,5.8848e-15
1738.00,5.8770e-15
1739.00,5.5991e-15
1740.00,5.5631e-15
1741.00,5.4938e-15
1742.00,5.2918e-15
1743.00,5.4607e-15
1744.00,5.5606e-15
1745.00,5.7935e-15
1746.00,5.7211e-15
1747.00,5.4384e-15
1748.00,5.5410e-15
1749.00,5.7447e-15
1750.00,5.5592e-15
1751.00,5.2251e-15
1752.00,5.7948e-15
1753.00,5.6811e-15
1754.00,6.1184e-15
1755.00,5.6935e-15
1756.00,5.9496e-15
1757.00,5.5799e-15
1758.00,5.6244e-15
1759.00,5.4539e-15
1760.00,5.4571e-15
1761.00,5.5870e-15
1762.00,5.8990e-15
1763.00,5.8622e-15
1764.00,5.5112e-15
1765.00,5.5868e-15
1766.00,5.4843e-15
1767.00,5.5065e-15
1768.00,5.8048e-15
1769.00,5.9556e-15
1770.00,5.7726e-15
1771.00,5.7294e-15
1772.00,5.6643e-15
1773.00,5.5022e-15
1774.00,5.4281e-15
1775.00,5.9844e-15
1776.00,6.0329e-15
1777.00,5.8066e-15
1778.00,5.3824e-15
1779.00,5.8606e-15
1780.00,6.1534e-15
1781.00,6.2700e-15
1782.00,5.8839e-15
1783.00,5.7780e-15
1784.00,5.6343e-15
1785.00,6.1399e-15
1786.00,5.9503e-15
1787.00,5.8984e-15
1788.00,5.8527e-15
1789.00,5.5284e-15
1790.00,5.6663e-15
1791.00,5.7336e-15
1792.00,5.6063e-15
1793.00,5.6625e-15
1794.00,5.5592e-15
1795.00,5.9613e-15
1796.00,5.9843e-15
1797.00,5.5230e-15
1798.00,5.5248e-15
1799.00,5.4544e-15
1800.00,5.8058e-15
1801.00,5.8471e-15
1802.00,5.6384e-15
1803.00,5.7951e-15
1804.00,5.4828e-15
1805.00,5.5678e-15
1806.00,5.4166e-15
1807.00,5.5108e-15
1808.00,5.4053e-15
1809.00,5.5923e-15
1810.00,5.5649e-15
1811.00,5.9436e-15
1812.00,5.8425e-15
1813.00,5.8368e-15
1814.00,5.7562e-15
1815.00,5.5197e-15
1816.00,5.7768e-15
1817.00,5.6283e-15
1818.00,5.7513e-15
1819.00,5.7632e-15
1820.00,5.6593e-15
1821.00,5.9603e-15
1822.00,5.5878e-15
1823.00,5.5337e-15
1824.00,5.7234e-15
1825.00,5.6509e-15
1826.00,5.1405e-15
1827.00,5.8948e-15
1828.00,6.0569e-15
1829.00,5.7522e-15
1830.00,5.8458e-15
1831.00,5.2201e-15
1832.00,5.7288e-15
1833.00,5.5602e-15
1834.00,5.8246e-15
1835.00,5.5498e-15
1836.00,5.6304e-15
1837.00,5.6107e-15
1838.00,5.5396e-15
1839.00,5.4185e-15
1840.00,5.3660e-15
1841.00,5.1385e-15
1842.00,4.7880e-15
1843.00,5.1194e-15
1844.00,5.0108e-15
1845.00,5.0108e-15
1846.00,5.4592e-15
1847.00,5.0508e-15
1848.00,4.7202e-15
1849.00,4.6126e-15
1850.00,5.0411e-15
1851.00,5.1710e-15
1852.00,4.6715e-15
1853.00,4.4127e-15
1854.00,4.7697e-15
1855.00,4.2327e-15
1856.00,4.6452e-15
1857.00,5.4854e-15
1858.00,5.2881e-15
1859.00,5.4339e-15
1860.00,4.5295e-15
1861.00,5.0151e-15
1862.00,4.9057e-15
1863.00,4.5508e-15
1864.00,4.7712e-15
1865.00,4.7230e-15
1866.00,4.5363e-15
1867.00,4.4776e-15
1868.00,4.8745e-15
1869.00,4.9170e-15
1870.00,5.1326e-15
1871.00,4.8027e-15
1872.00,5.0526e-15
1873.00,4.9185e-15
1874.00,5.3806e-15
1875.00,4.9421e-15
1876.00,5.1480e-15
1877.00,5.3026e-15
1878.00,5.8360e-15
1879.00,5.4005e-15
1880.00,4.9664e-15
1881.00,5.1948e-15
1882.00,5.6578e-15
1883.00,5.3834e-15
1884.00,5.3714e-15
1885.00,4.9803e-15
1886.00,4.9118e-15
1887.00,4.7998e-15
1888.00,4.3868e-15
1889.00,5.2665e-15
1890.00,5.0182e-15
1891.00,5.3869e-15
1892.00,4.5571e-15
1893.00,4.4920e-15
1894.00,4.9490e-15
1895.00,5.2466e-15
1896.00,4.9938e-15
1897.00,5.1274e-15
1898.00,5.0852e-15
1899.00,5.2508e-15
1900.00,5.2682e-15
1901.00,5.1325e-15
1902.00,5.1563e-15
1903.00,4.8667e-15
1904.00,5.5017e-15
1905.00,5.3491e-15
1906.00,5.6016e-15
1907.00,6.0190e-15
1908.00,6.3089e-15
1909.00,6.7940e-15
1910.00,6.2085e-15
1911.00,5.8783e-15
1912.00,5.7141e-15
1913.00,5.6136e-15
1914.00,5.3481e-15
1915.00,5.4901e-15
1916.00,4.9341e-15
1917.00,4.9314e-15
1918.00,4.5757e-15
1919.00,5.3139e-15
1920.00,4.8695e-15
1921.00,5.4463e-15
1922.00,5.0379e-15
1923.00,4.9620e-15
1924.00,5.3118e-15
1925.00,5.1743e-15
1926.00,5.3889e-15
1927.00,4.6420e-15
1928.00,4.8090e-15
1929.00,4.4425e-15
1930.00,5.0107e-15
1931.00,4.7969e-15
1932.00,5.0922e-15
1933.00,5.5073e-15
1934.00,5.2654e-15
1935.00,5.0773e-15
1936.00,4.8004e-15
1937.00,5.1956e-15
1938.00,4.4132e-15
1939.00,4.4405e-15
1940.00,4.7382e-15
1941.00,5.1857e-15
1942.00,4.9667e-15
1943.00,4.7447e-15
1944.00,5.0185e-15
1945.00,4.3097e-15
1946.00,4.4883e-15
1947.00,5.2019e-15
1948.00,4.9413e-15
1949.00,4.6927e-15
1950.00,4.4551e-15
1951.00,4.3873e-15
1952.00,3.6375e-15
1953.00,4.1967e-15
1954.00,4.0834e-15
1955.00,4.2033e-15
1956.00,4.8787e-15
1957.00,4.8239e-15
1958.00,5.2408e-15
1959.00,4.1744e-15
1960.00,5.4385e-15
1961.00,5.1030e-15
1962.00,5.2478e-15
1963.00,4.1340e-15
1964.00,4.7722e-15
1965.00,5.1687e-15
1966.00,4.9121e-15
1967.00,5.2053e-15
1968.00,4.3298e-15
1969.00,4.7947e-15
1970.00,4.0763e-15
1971.00,4.8621e-15
1972.00,5.1474e-15
1973.00,4.7502e-15
1974.00,4.2270e-15
1975.00,5.1999e-15
1976.00,4.8863e-15
1977.00,5.8618e-15
1978.00,5.7829e-15
1979.00,5.6640e-15
1980.00,5.6962e-15
1981.00,5.5940e-15
1982.00,5.2673e-15
1983.00,4.2773e-15
1984.00,3.6827e-15
1985.00,4.7229e-15
1986.00,4.4688e-15
1987.00,3.9612e-15
1988.00,4.1230e-15
1989.00,4.6637e-15
1990.00,5.0682e-15
1991.00,3.8098e-15
1992.00,5.0764e-15
1993.00,5.1275e-15
1994.00,5.1534e-15
1995.00,5.7705e-15
1996.00,5.9627e-15
1997.00,5.1521e-15
1998.00,5.4126e-15
1999.00,5.1334e-15
2000.00,5.5133e-15
2001.00,0.0
10000.00,0.0